5.40 -0.082465 -0.216967 1.555137 0.009638 -0.993973 0.108939 -0.007487
5.60 -0.070574 -0.257693 1.556013 0.008757 -0.994174 0.106819 -0.011455
5.80 -0.058675 -0.292984 1.553754 0.016881 -0.993769 0.10889 -0.016776
6.00 -0.048811 -0.318935 1.55294 0.017162 -0.992913 0.116802 -0.013677
6.20 -0.047776 -0.336641 1.551505 0.012683 -0.993266 0.114756 -0.009626
6.40 -0.054568 -0.351084 1.554833 0.013786 -0.99304 0.116922 -0.003425
6.60 -0.064157 -0.37555 1.557935 0.008704 -0.993532 0.112967 -0.007585
6.80 -0.078493 -0.410383 1.553411 0.0124 -0.994128 0.106565 -0.014125
7.00 -0.102381 -0.456941 1.550959 0.000192 -0.993518 0.113626 -0.003178
7.20 -0.119044 -0.507593 1.548455 -0.007016 -0.993961 0.109505 0.000825
7.40 -0.115176 -0.560884 1.542649 -0.012125 -0.993551 0.11272 -0.00186
7.60 -0.100817 -0.621548 1.538429 -0.000682 -0.993396 0.11466 -0.004214
7.80 -0.088888 -0.692076 1.536863 -0.004789 -0.993456 0.113791 -0.008584
8.00 -0.087096 -0.761709 1.53856 0.005115 -0.99315 0.116367 -0.009243
8.20 -0.097609 -0.822148 1.538137 0.004623 -0.993339 0.114988 -0.005792
8.40 -0.114258 -0.881039 1.535483 -0.00505 -0.993425 0.114359 -0.001581
8.60 -0.131137 -0.94741 1.536708 -0.003276 -0.99376 0.111286 -0.006806
8.80 -0.141691 -1.010474 1.536439 0.002317 -0.993518 0.113628 -0.002255
9.00 -0.139068 -1.068699 1.534076 0.000448 -0.993214 0.116285 -0.002053
9.20 -0.134653 -1.130765 1.530927 -0.001243 -0.992747 0.120184 -0.002859
9.40 -0.137496 -1.19408 1.533319 0.005372 -0.992684 0.120509 -0.005158
9.60 -0.147601 -1.244766 1.535747 0.006928 -0.992715 0.120262 0.002437
9.80 -0.163157 -1.287746 1.534655 -0.007755 -0.992917 0.118542 0.002125
10.00 -0.183451 -1.33821 1.53753 -0.010746 -0.993078 0.116957 -0.001358
10.20 -0.195604 -1.385155 1.537262 -0.008741 -0.992308 0.123476 0.001095
10.40 -0.195453 -1.432737 1.539148 -0.008379 -0.993209 0.11602 -0.002199
10.60 -0.186261 -1.480083 1.538772 -0.002325 -0.993125 0.116926 -0.005067
10.80 -0.179165 -1.535064 1.535934 0.003078 -0.993223 0.115975 -0.006919
11.00 -0.175998 -1.584354 1.535801 0.013151 -0.992898 0.117957 -0.008197
11.20 -0.180059 -1.625508 1.538483 0.007308 -0.992925 0.118268 -0.007739
11.40 -0.19243 -1.668234 1.536107 0.006978 -0.993293 0.115047 -0.009144
11.60 -0.210066 -1.717188 1.534297 0.007686 -0.99249 0.121971 0.005335
11.80 -0.217457 -1.762474 1.530924 -0.000596 -0.991303 0.131346 0.008117
12.00 -0.207371 -1.798248 1.535149 -0.005928 -0.991973 0.126289 0.002369
12.20 -0.169816 -1.817953 1.536232 0.00609 -0.992304 0.123669 -0.001094
12.40 -0.109727 -1.825234 1.537797 0.012976 -0.992376 0.122132 -0.010264
12.60 -0.051507 -1.826363 1.537254 0.0233 -0.99202 0.122479 -0.018751
12.80 -0.012249 -1.81413 1.537993 0.027004 -0.991558 0.126492 -0.009148
13.00 0.0062 -1.79543 1.540345 0.025797 -0.992388 0.120237 -0.006557
13.20 0.015674 -1.77636 1.543916 0.025233 -0.992949 0.115806 -0.00226
13.40 0.031207 -1.761632 1.546448 0.024145 -0.99305 0.115177 -0.001954
13.60 0.067952 -1.746146 1.547199 0.035094 -0.992914 0.113309 -0.007222
13.80 0.118897 -1.728176 1.545889 0.04235 -0.992162 0.116777 -0.013579
14.00 0.163826 -1.713568 1.542747 0.042795 -0.992213 0.116289 -0.01262
14.20 0.192508 -1.701772 1.539665 0.038055 -0.992301 0.117553 -0.008533
14.40 0.204357 -1.68332 1.539399 0.041974 -0.992309 0.116076 -0.009376
14.60 0.201196 -1.651891 1.539257 0.045373 -0.992331 0.114701 -0.008001
14.80 0.188619 -1.604211 1.535333 0.041531 -0.992438 0.114805 -0.012759
15.00 0.16803 -1.541728 1.539506 0.039647 -0.993491 0.105925 -0.01353
15.20 0.144202 -1.475217 1.546985 0.034722 -0.994183 0.101829 -0.00501
15.40 0.126756 -1.404827 1.541309 0.035554 -0.993265 0.110166 -0.00489
15.60 0.126039 -1.324945 1.534369 0.036105 -0.993498 0.107898 -0.004101
15.80 0.138834 -1.237294 1.532215 0.035547 -0.993476 0.10761 -0.012733
16.00 0.145246 -1.157148 1.536449 0.041091 -0.993238 0.106756 -0.019823
16.20 0.139158 -1.079166 1.533925 0.039741 -0.993083 0.109563 -0.014257
16.40 0.121413 -0.99528 1.526821 0.03605 -0.993416 0.107814 -0.014211
16.60 0.097276 -0.908905 1.532654 0.020167 -0.993499 0.111962 -0.004316
16.80 0.076555 -0.835496 1.53687 0.012141 -0.993747 0.110908 -0.004382
17.00 0.065353 -0.763228 1.530246 0.01427 -0.993542 0.112435 -0.005354
17.20 0.068136 -0.687561 1.524636 0.020056 -0.993471 0.112259 -0.003276
17.40 0.079856 -0.614586 1.53839 0.029974 -0.993736 0.107559 -0.004702
17.60 0.08954 -0.554259 1.546115 0.036711 -0.994205 0.100925 -0.00475
17.80 0.089752 -0.492801 1.541073 0.036976 -0.993343 0.108965 -0.005463
18.00 0.077186 -0.428291 1.533826 0.026618 -0.993457 0.110742 -0.008448
18.20 0.054161 -0.363875 1.538721 0.020125 -0.993426 0.112636 -0.003576
18.40 0.033209 -0.314107 1.545783 0.011813 -0.99387 0.109904 0.001728
18.60 0.02394 -0.273802 1.54407 0.012369 -0.993261 0.115171 0.003791
18.80 0.023633 -0.254928 1.543353 0.015549 -0.993939 0.108774 0.003421
19.00 0.029675 -0.247557 1.548026 0.02028 -0.994446 0.103276 0.000115
19.20 0.03481 -0.241174 1.547114 0.019121 -0.993914 0.108357 -0.005259
19.40 0.035574 -0.232863 1.542356 0.021349 -0.993261 0.113552 -0.009068
19.60 0.033191 -0.226896 1.54245 0.02481 -0.993543 0.110205 -0.010546
19.80 0.03169 -0.22161 1.543126 0.024141 -0.993479 0.111161 -0.007789
20.00 0.02816 -0.219141 1.544435 0.018188 -0.993711 0.110302 -0.006476
20.20 0.021411 -0.224724 1.543885 0.017756 -0.993427 0.112923 -0.005921
20.40 0.018077 -0.240855 1.545164 0.013865 -0.994071 0.10781 -0.002873
20.60 0.021288 -0.278818 1.546662 0.014827 -0.994063 0.107783 -0.001024
20.80 0.032289 -0.330658 1.546453 0.023556 -0.993696 0.109585 -0.002223
21.00 0.042395 -0.388627 1.545664 0.024825 -0.993393 0.112008 -0.003023
21.20 0.044391 -0.440686 1.546231 0.027465 -0.99313 0.113342 -0.009551
21.40 0.038479 -0.476835 1.544834 0.029605 -0.993232 0.112201 -0.00493
21.60 0.030187 -0.508103 1.543936 0.022018 -0.993862 0.108375 0.002953
