7.20 -0.051078 -0.971706 1.471568 0.008212 -0.993751 0.11113 0.006464
7.40 -0.045887 -1.004398 1.471339 0.013686 -0.994071 0.107702 0.006065
7.60 -0.032706 -1.019987 1.466388 0.013972 -0.993709 0.111118 0.000637
7.80 -0.018523 -1.029853 1.466308 0.016066 -0.993436 0.113254 -0.001092
8.00 -0.008884 -1.028216 1.46823 0.019903 -0.993296 0.113757 0.005159
8.20 -0.007104 -1.006779 1.467732 0.017008 -0.993069 0.116123 0.006317
8.40 -0.010462 -0.958017 1.469213 0.018192 -0.993027 0.116293 0.006535
8.60 -0.017242 -0.88747 1.477666 0.016715 -0.99372 0.109841 0.013266
8.80 -0.017189 -0.813081 1.486188 0.005944 -0.993716 0.110459 0.017089
9.00 -0.006515 -0.73904 1.485285 0.007425 -0.992995 0.114909 0.026492
9.20 0.017152 -0.665539 1.485247 0.018004 -0.993123 0.109913 0.036091
9.40 0.045723 -0.597632 1.492981 0.026569 -0.992527 0.111084 0.042959
9.60 0.065515 -0.541442 1.493162 0.03642 -0.990511 0.121408 0.053116
9.80 0.07646 -0.484035 1.490727 0.041805 -0.989115 0.123946 0.067388
10.00 0.075488 -0.425928 1.495101 0.048179 -0.988046 0.12175 0.081368
10.20 0.082897 -0.373894 1.508643 0.046503 -0.987042 0.118341 0.097883
10.40 0.100403 -0.335342 1.511001 0.04709 -0.985949 0.119364 0.106954
10.60 0.133224 -0.308952 1.51157 0.051279 -0.984333 0.125744 0.112458
10.80 0.170588 -0.291343 1.51184 0.058229 -0.98431 0.122567 0.112784
11.00 0.20646 -0.280494 1.513426 0.064978 -0.982814 0.115487 0.128518
11.20 0.23268 -0.270016 1.514059 0.070211 -0.980887 0.112635 0.142286
11.40 0.250711 -0.259251 1.511358 0.079262 -0.977986 0.115532 0.154637
11.60 0.267816 -0.249863 1.510978 0.083926 -0.975352 0.113124 0.169844
11.80 0.284384 -0.24252 1.511837 0.081719 -0.975894 0.102307 0.1746
12.00 0.29954 -0.235768 1.511974 0.076179 -0.975184 0.099293 0.182632
12.20 0.309677 -0.233452 1.508498 0.077214 -0.973046 0.105631 0.189899
12.40 0.316995 -0.231786 1.509023 0.080419 -0.971461 0.101768 0.198596
12.60 0.323633 -0.232131 1.508308 0.080618 -0.969692 0.103685 0.20603
12.80 0.32945 -0.229842 1.506769 0.076871 -0.968798 0.103513 0.211675
13.00 0.332676 -0.229618 1.506678 0.076039 -0.968036 0.099785 0.217181
13.20 0.335343 -0.229602 1.506984 0.077243 -0.967173 0.097474 0.221606
13.40 0.335503 -0.22948 1.505715 0.076542 -0.966714 0.096405 0.224304
13.60 0.334917 -0.228901 1.503376 0.079316 -0.964974 0.09755 0.230256
13.80 0.334295 -0.22982 1.503334 0.07823 -0.964196 0.098532 0.233446
14.00 0.333227 -0.231076 1.503556 0.075454 -0.965361 0.095641 0.230731
14.20 0.332 -0.232865 1.504228 0.075221 -0.965235 0.09628 0.231069
14.40 0.322754 -0.237748 1.503824 0.061961 -0.967975 0.098335 0.222519
14.60 0.288816 -0.25462 1.507458 0.044102 -0.975513 0.096916 0.19245
14.80 0.235854 -0.280655 1.510955 0.030493 -0.981748 0.103411 0.156673
15.00 0.17583 -0.309344 1.512666 0.025248 -0.985724 0.10623 0.128167
15.20 0.116637 -0.346727 1.515395 0.014719 -0.988651 0.105999 0.105436
15.40 0.068435 -0.391713 1.511463 0.017135 -0.990808 0.106999 0.080978
15.60 0.032484 -0.453277 1.507118 0.013554 -0.992883 0.101964 0.060018
15.80 0.000931 -0.534975 1.500189 0.005999 -0.992981 0.1091 0.045267
16.00 -0.033323 -0.620257 1.493073 -0.001092 -0.992952 0.113236 0.034959
16.20 -0.083535 -0.702 1.490559 -0.011288 -0.993063 0.11312 0.030051
16.40 -0.14135 -0.783079 1.479905 -0.020522 -0.992595 0.113985 0.036626
16.60 -0.189468 -0.867599 1.478896 -0.029745 -0.991472 0.120321 0.040272
16.80 -0.229021 -0.95751 1.477868 -0.018149 -0.993347 0.110085 0.028539
17.00 -0.261696 -1.047069 1.471869 -0.017502 -0.992932 0.114759 0.024683
17.20 -0.295608 -1.136346 1.465868 -0.018512 -0.993377 0.108754 0.03214
17.40 -0.339134 -1.208455 1.454461 -0.040549 -0.993377 0.10141 0.035692
17.60 -0.399602 -1.2627 1.442864 -0.04461 -0.993098 0.098486 0.045457
17.80 -0.45746 -1.302333 1.423844 -0.067873 -0.991007 0.101232 0.055238
18.00 -0.501061 -1.340458 1.397198 -0.080277 -0.988932 0.107267 0.063743
18.20 -0.53279 -1.386117 1.38082 -0.075159 -0.989015 0.108605 0.066369
18.40 -0.561907 -1.445618 1.370095 -0.077173 -0.987035 0.119902 0.073682
18.60 -0.588494 -1.505292 1.373579 -0.079492 -0.986146 0.124025 0.076251
18.80 -0.614168 -1.554503 1.377947 -0.084545 -0.986387 0.117729 0.077673
19.00 -0.646469 -1.588025 1.372722 -0.091324 -0.986342 0.112359 0.078518
19.20 -0.681983 -1.615157 1.36496 -0.108721 -0.984153 0.109441 0.087442
19.40 -0.715074 -1.637767 1.343903 -0.121952 -0.980852 0.111366 0.10322
19.60 -0.741379 -1.65654 1.318984 -0.103324 -0.981041 0.1032 0.127407
19.80 -0.753051 -1.679514 1.295749 -0.079136 -0.982825 0.083972 0.14402
20.00 -0.749415 -1.722402 1.262931 -0.071049 -0.981465 0.079093 0.159447
20.20 -0.748557 -1.771237 1.2278 -0.060548 -0.980862 0.072153 0.170404
20.40 -0.74805 -1.816061 1.199492 -0.044669 -0.982544 0.036151 0.17693
20.60 -0.746699 -1.859282 1.173943 -0.046958 -0.980519 0.032393 0.187959
20.80 -0.742383 -1.896421 1.142054 -0.03933 -0.980222 0.02521 0.19231
21.00 -0.740847 -1.923356 1.115536 -0.0177 -0.978019 0.013376 0.207332
21.20 -0.736636 -1.941988 1.090242 -0.013345 -0.97577 0.004881 0.218338
21.40 -0.729107 -1.962101 1.065104 -0.010713 -0.975015 -0.005516 0.221812
21.60 -0.725554 -1.977453 1.041013 -0.008533 -0.975033 -0.011383 0.221604
21.80 -0.719219 -1.985897 1.024798 0.000427 -0.970817 -0.010896 0.239574
22.00 -0.715428 -1.989918 1.020337 -0.006475 -0.972025 -0.017086 0.234164
22.20 -0.719003 -1.99197 1.017506 -0.005231 -0.971008 -0.01583 0.238464
22.40 -0.714251 -1.98444 1.016581 -0.012168 -0.97228 -0.01239 0.233175
22.60 -0.706069 -1.952112 1.027528 -0.01993 -0.971084 0.001167 0.237901
22.80 -0.697869 -1.897743 1.072438 -0.013766 -0.970517 0.01557 0.240136
23.00 -0.690334 -1.838462 1.146921 -0.026301 -0.970331 0.033966 0.237936
23.20 -0.683371 -1.777888 1.239715 -0.039894 -0.974974 0.034604 0.215957
23.40 -0.675649 -1.709536 1.319406 -0.056997 -0.973019 0.092327 0.203618
23.60 -0.656786 -1.647192 1.375017 -0.055833 -0.974982 0.101158 0.189896
23.80 -0.618241 -1.59212 1.414329 -0.049212 -0.980831 0.098264 0.160915
24.00 -0.555863 -1.531448 1.437041 -0.039888 -0.985764 0.100708 0.128593
24.20 -0.49086 -1.471318 1.454551 -0.033179 -0.988857 0.105891 0.099235
24.40 -0.436675 -1.407677 1.460222 -0.031796 -0.989512 0.109468 0.088725
24.60 -0.38855 -1.327304 1.452823 -0.035974 -0.989953 0.114351 0.074984
24.80 -0.345567 -1.235479 1.458776 -0.037806 -0.991913 0.107437 0.056
25.00 -0.298578 -1.148663 1.467288 -0.042043 -0.990806 0.119334 0.047916
25.20 -0.247269 -1.067479 1.462145 -0.037574 -0.991213 0.123138 0.030365
25.40 -0.186917 -0.987999 1.458915 -0.019306 -0.992645 0.119508 -0.00072
25.60 -0.133779 -0.909023 1.461612 0.0012 -0.991941 0.124865 -0.021435
25.80 -0.100128 -0.834873 1.463246 0.007759 -0.991321 0.125959 -0.036836
26.00 -0.085411 -0.757703 1.462261 0.002358 -0.991001 0.122303 -0.054351
26.20 -0.088451 -0.682292 1.475115 -0.019459 -0.990173 0.116659 -0.07463
26.40 -0.092671 -0.626746 1.485778 -0.024897 -0.989814 0.110264 -0.086548
26.60 -0.092184 -0.589097 1.488164 -0.018388 -0.989668 0.108648 -0.091737
26.80 -0.094421 -0.561533 1.484497 -0.011042 -0.987534 0.118651 -0.10284
27.00 -0.102867 -0.544281 1.487084 -0.011856 -0.985299 0.118058 -0.122917
27.20 -0.104577 -0.527363 1.490533 -0.007484 -0.984197 0.123668 -0.126518
27.40 -0.103693 -0.511126 1.49875 -0.00655 -0.985329 0.105694 -0.133836
27.60 -0.098413 -0.49315 1.504253 -0.003963 -0.986717 0.095362 -0.131453
27.80 -0.094789 -0.479478 1.50493 0.000759 -0.986224 0.10097 -0.131021
28.00 -0.094686 -0.468101 1.500691 0.002786 -0.984313 0.104603 -0.142051
28.20 -0.091627 -0.457383 1.497899 0.00294 -0.982113 0.108614 -0.153781
28.40 -0.082502 -0.447147 1.496295 0.005135 -0.98101 0.110131 -0.159578
28.60 -0.078338 -0.436377 1.494439 0.013016 -0.979681 0.111004 -0.166534
28.80 -0.08405 -0.42454 1.497387 0.001723 -0.980092 0.111734 -0.164108
29.00 -0.102522 -0.409461 1.498509 -0.001965 -0.980273 0.112222 -0.162688
29.20 -0.13339 -0.395493 1.499479 -0.012277 -0.979343 0.113705 -0.166756
29.40 -0.166483 -0.386802 1.495787 -0.019013 -0.977458 0.116162 -0.175272
29.60 -0.187234 -0.38145 1.492117 -0.018773 -0.975916 0.121888 -0.179942
29.80 -0.198915 -0.379749 1.492172 -0.019637 -0.975454 0.12078 -0.183074
30.00 -0.20609 -0.378848 1.491441 -0.016422 -0.975143 0.118202 -0.186692
30.20 -0.207557 -0.378568 1.491507 -0.014093 -0.975338 0.120777 -0.184199
30.40 -0.201543 -0.381277 1.495371 -0.007886 -0.977629 0.113752 -0.176746
30.60 -0.175482 -0.397456 1.499708 0.004 -0.981996 0.111391 -0.152509
30.80 -0.131812 -0.424782 1.504612 0.028491 -0.98575 0.103422 -0.129571
31.00 -0.078374 -0.458418 1.508597 0.055983 -0.986863 0.099827 -0.114025
31.20 -0.030548 -0.489375 1.505375 0.055037 -0.990133 0.096529 -0.085383
31.40 0.006538 -0.527213 1.496622 0.059141 -0.99161 0.098893 -0.058593
31.60 0.03182 -0.583249 1.487046 0.059228 -0.991801 0.110417 -0.025105
31.80 0.05875 -0.654349 1.488457 0.055634 -0.991199 0.11991 -0.00718
32.00 0.094105 -0.72638 1.493275 0.054812 -0.992284 0.111201 -0.001839
32.20 0.145823 -0.795069 1.489146 0.061268 -0.992107 0.109373 -0.00278
32.40 0.204884 -0.86729 1.476971 0.076807 -0.991106 0.108634 -0.002909
32.60 0.254167 -0.938658 1.470971 0.080875 -0.990269 0.113067 -0.006451
32.80 0.277963 -1.005277 1.466956 0.081373 -0.990259 0.112714 -0.007754
33.00 0.291707 -1.071854 1.458346 0.068683 -0.991105 0.11169 -0.02277
33.20 0.307487 -1.140055 1.45276 0.073549 -0.988828 0.123784 -0.038555
33.40 0.325198 -1.204842 1.451095 0.083806 -0.986793 0.128828 -0.051185
33.60 0.354447 -1.262028 1.446828 0.097648 -0.986462 0.119358 -0.055786
33.80 0.393443 -1.316041 1.439039 0.10803 -0.984861 0.120964 -0.061205
34.00 0.421032 -1.367459 1.433651 0.104199 -0.984043 0.125246 -0.071525
34.20 0.422631 -1.411449 1.427864 0.103275 -0.984205 0.120843 -0.07792
34.40 0.406547 -1.453894 1.414333 0.092767 -0.984778 0.118208 -0.087374
34.60 0.394444 -1.491092 1.396366 0.094323 -0.983602 0.121992 -0.093536
34.80 0.395432 -1.525189 1.382153 0.082485 -0.984671 0.111149 -0.106142
35.00 0.409579 -1.558764 1.357205 0.086248 -0.985551 0.094676 -0.110846
35.20 0.433921 -1.600545 1.321178 0.090317 -0.984287 0.091029 -0.121388
35.40 0.456552 -1.647928 1.281551 0.097711 -0.983013 0.08622 -0.129247
35.60 0.478714 -1.690214 1.241948 0.108812 -0.982465 0.07572 -0.131104
35.80 0.495969 -1.708068 1.202017 0.106095 -0.981172 0.081325 -0.139395
36.00 0.507186 -1.717843 1.174064 0.126072 -0.979584 0.044789 -0.150054
36.20 0.525357 -1.72668 1.143625 0.11337 -0.98209 0.032164 -0.147007
36.40 0.538943 -1.737852 1.11448 0.10808 -0.981548 0.033231 -0.154202
36.60 0.540915 -1.745311 1.094149 0.108035 -0.983191 0.032132 -0.143637
36.80 0.535158 -1.744799 1.089734 0.102839 -0.983215 0.027382 -0.148197
37.00 0.52945 -1.73899 1.094967 0.104571 -0.983158 0.029583 -0.146938
37.20 0.525115 -1.726181 1.095896 0.105125 -0.983421 0.027838 -0.14511
37.40 0.512179 -1.687288 1.116956 0.076955 -0.986127 0.06798 -0.130422
37.60 0.495648 -1.640326 1.185661 0.068292 -0.988863 0.084402 -0.1018
37.80 0.472031 -1.599085 1.274872 0.076261 -0.989596 0.099224 -0.070984
38.00 0.432673 -1.55564 1.364987 0.071783 -0.989617 0.115296 -0.047034
38.20 0.400094 -1.506987 1.430615 0.070654 -0.988284 0.133055 -0.024475
38.40 0.379622 -1.451182 1.463325 0.070333 -0.988159 0.135732 -0.013134
38.60 0.364429 -1.380269 1.475752 0.063047 -0.9895 0.129553 -0.011428
38.80 0.352685 -1.300932 1.48526 0.065829 -0.990476 0.120699 -0.007493
39.00 0.332292 -1.226495 1.489964 0.067529 -0.989111 0.130567 -0.007189
39.20 0.300939 -1.155597 1.49068 0.063133 -0.989951 0.126274 -0.008133
39.40 0.251097 -1.087458 1.491805 0.04662 -0.991692 0.119888 -0.001017
39.60 0.196495 -1.021903 1.499604 0.038862 -0.992104 0.118653 0.011855
39.80 0.151329 -0.95745 1.500106 0.034177 -0.992002 0.121499 0.00155
40.00 0.12398 -0.891012 1.494493 0.030527 -0.991702 0.124734 0.006104
