1617290544348577024 -2.156480877602007240e-05 -1.095217885449528694e-04 -3.965872747357934713e-05 -2.884257992263883352e-05 4.985008104085864034e-07 -9.224204404745250940e-06 1.000000000000000000e+00
1617290544549877248 -6.365753943100571632e-04 -2.000998392759356648e-05 1.297757844440639019e-03 7.973071187734603882e-04 3.150735748931765556e-03 1.007931889034807682e-03 9.999942779541015625e-01
1617290545422468352 4.251512698829174042e-03 4.589976451825350523e-04 7.976038381457328796e-03 2.461051102727651596e-03 -4.205362929496914148e-04 5.935754626989364624e-03 9.999793171882629395e-01
1617290546832743424 1.671748235821723938e-02 3.362884512171149254e-03 2.378595992922782898e-02 3.357261884957551956e-03 -2.712710294872522354e-03 6.141259334981441498e-03 9.999718070030212402e-01
1617290547503298048 3.425532951951026917e-02 2.920506056398153305e-03 3.892962634563446045e-02 -3.902412427123636007e-04 -8.188043721020221710e-03 7.937415502965450287e-03 9.999349117279052734e-01
1617290549252360448 1.511579751968383789e-02 -8.593149250373244286e-04 7.864122837781906128e-02 7.341935997828841209e-04 8.240275084972381592e-03 7.044846657663583755e-03 9.999409914016723633e-01
1617290551470482176 1.195211056619882584e-02 -5.894368980079889297e-03 1.302361488342285156e-01 9.735870175063610077e-03 5.013938527554273605e-03 8.779872208833694458e-03 9.999015331268310547e-01
1617290551672401920 1.149521209299564362e-02 -6.486481986939907074e-03 1.337356418371200562e-01 1.210889127105474472e-02 5.549493245780467987e-03 9.674156084656715393e-03 9.998645782470703125e-01
1617290552537469184 1.016215980052947998e-02 -6.979100406169891357e-03 1.483370810747146606e-01 1.280989311635494232e-02 4.612135235220193863e-03 1.082271058112382889e-02 9.998487830162048340e-01
1617290553477191424 1.066207047551870346e-02 -7.090063299983739853e-03 1.656879484653472900e-01 1.643393561244010925e-02 6.117474986240267754e-04 1.111003197729587555e-02 9.998030662536621094e-01
1617290553678568192 1.133823581039905548e-02 -7.049176376312971115e-03 1.690366566181182861e-01 1.733662746846675873e-02 6.283766124397516251e-04 1.081117521971464157e-02 9.997910857200622559e-01
1617290554416937472 1.294200681149959564e-02 -6.140051409602165222e-03 1.810789853334426880e-01 1.658888533711433411e-02 2.775358036160469055e-03 7.740826811641454697e-03 9.998286366462707520e-01
1617290554629825792 1.269423589110374451e-02 -5.826696287840604782e-03 1.842056363821029663e-01 1.624295860528945923e-02 4.045354668051004410e-03 7.308739703148603439e-03 9.998332262039184570e-01
1617290555363629824 1.230586878955364227e-02 -4.311816766858100891e-03 1.983146965503692627e-01 1.630043238401412964e-02 2.286782022565603256e-03 8.061303757131099701e-03 9.998320937156677246e-01
1617290555904793856 1.199613232165575027e-02 -2.994151087477803230e-03 2.101063728332519531e-01 1.648166589438915253e-02 -1.173592521809041500e-03 7.016952149569988251e-03 9.998389482498168945e-01
1617290556162121984 1.256582420319318771e-02 -2.612697891891002655e-03 2.158069163560867310e-01 1.708193868398666382e-02 -2.590982709079980850e-03 6.580124609172344208e-03 9.998291134834289551e-01
1617290556566412800 1.372123602777719498e-02 -2.379925455898046494e-03 2.231550067663192749e-01 1.953433826565742493e-02 -2.616725629195570946e-03 6.912707816809415817e-03 9.997818470001220703e-01
1617290558513431552 2.108185738325119019e-02 -5.972481798380613327e-03 2.568356990814208984e-01 1.941301859915256500e-02 -3.123533097095787525e-04 1.224560663104057312e-02 9.997365474700927734e-01
1617290558785700352 2.174475230276584625e-02 -7.826391607522964478e-03 2.611546814441680908e-01 2.157289162278175354e-02 6.427569314837455750e-04 1.046075113117694855e-02 9.997123479843139648e-01
1617290559788949504 2.209350280463695526e-02 -1.262089423835277557e-02 2.784979343414306641e-01 2.820668742060661316e-02 1.820186385884881020e-03 4.657451994717121124e-03 9.995896220207214355e-01
1617290561669013760 2.513053640723228455e-02 -1.462531089782714844e-02 3.172770142555236816e-01 3.585010394454002380e-02 -1.981213223189115524e-03 8.171089924871921539e-03 9.993218183517456055e-01
1617290567707355392 3.891799226403236389e-02 -1.140340138226747513e-02 4.368700981140136719e-01 3.625245764851570129e-02 -6.642471533268690109e-03 -1.361249160254374146e-04 9.993206262588500977e-01
1617290567912587776 3.919437155127525330e-02 -1.128111593425273895e-02 4.424738883972167969e-01 3.413041308522224426e-02 -7.630316540598869324e-03 -2.409489359706640244e-03 9.993854165077209473e-01
1617290569723905792 3.323351591825485229e-02 -1.454632915556430817e-02 4.885885119438171387e-01 2.370378002524375916e-02 -8.499131537973880768e-03 -2.251593582332134247e-02 9.994293451309204102e-01
1617290570871557120 1.866972632706165314e-02 -2.153966203331947327e-02 5.176871418952941895e-01 1.160442084074020386e-02 -1.474657375365495682e-02 -4.269726946949958801e-02 9.989117980003356934e-01
1617290571197728512 1.684085652232170105e-02 -2.448782883584499359e-02 5.278499722480773926e-01 1.620136015117168427e-02 -1.549083460122346878e-02 -4.269313439726829529e-02 9.988368153572082520e-01
1617290571399074048 1.694267801940441132e-02 -2.590920403599739075e-02 5.344325900077819824e-01 1.687515340745449066e-02 -1.706396043300628662e-02 -3.757610172033309937e-02 9.990055561065673828e-01
1617290572473194240 1.739742048084735870e-02 -3.222296386957168579e-02 5.656612515449523926e-01 1.892624795436859131e-02 -1.624272577464580536e-02 -1.886174082756042480e-02 9.995110630989074707e-01
1617290573010045952 1.889358274638652802e-02 -3.300548344850540161e-02 5.811228752136230469e-01 2.035579644143581390e-02 -1.468067429959774017e-02 -1.837376318871974945e-02 9.995161294937133789e-01
1617290573280646144 2.149096317589282990e-02 -3.388062119483947754e-02 5.899896621704101562e-01 2.261078543961048126e-02 -1.590121909976005554e-02 -1.465294789522886276e-02 9.995105266571044922e-01
1617290576030769920 2.659985981881618500e-02 -3.389800712466239929e-02 6.614474654197692871e-01 4.357302188873291016e-02 -8.156979456543922424e-03 1.512544043362140656e-02 9.989024996757507324e-01
1617290581870307328 2.866824530065059662e-02 -3.267433121800422668e-02 8.347860574722290039e-01 5.521738156676292419e-02 1.262375153601169586e-03 2.007531374692916870e-02 9.982717037200927734e-01
1617290587240206336 2.786646597087383270e-02 -5.925267189741134644e-02 9.782074093818664551e-01 7.849223166704177856e-02 -1.952499523758888245e-02 -1.217047497630119324e-02 9.966492652893066406e-01
1617290587448247296 2.730718255043029785e-02 -5.967748910188674927e-02 9.823917746543884277e-01 7.956499606370925903e-02 -1.800550334155559540e-02 -1.316142641007900238e-02 9.965801835060119629e-01
1617290587777203200 2.703833952546119690e-02 -5.967336520552635193e-02 9.895052313804626465e-01 8.046988397836685181e-02 -1.760026626288890839e-02 -1.397385261952877045e-02 9.965037107467651367e-01
1617290587982897408 2.654102444648742676e-02 -5.936079472303390503e-02 9.941444396972656250e-01 8.046140521764755249e-02 -1.826658099889755249e-02 -1.377245131880044937e-02 9.964951872825622559e-01
1617290588785006592 2.498557604849338531e-02 -5.551365390419960022e-02 1.012833476066589355e+00 7.981468737125396729e-02 -2.621195279061794281e-02 -7.419049739837646484e-03 9.964374303817749023e-01
1617290590999079680 3.374821692705154419e-02 -5.051515251398086548e-02 1.062303781509399414e+00 7.769585400819778442e-02 -2.346333116292953491e-03 -8.992866612970829010e-03 9.969338178634643555e-01
