1.61729054434858e+18 10.880385143682 -6.59834862051099 4.58818617556507 0.704088854077886 0.0119462470953997 -0.0272924120673995 0.709486643276086
1.61729054454988e+18 10.8806602083208 -6.6035173980011 4.58766082829171 0.704720888102197 0.0133490453653038 -0.0246205168603069 0.708931663145198
1.61729054542247e+18 10.8822739138217 -6.62241012432754 4.58476363785041 0.705673335182198 0.0083560007318518 -0.0217538207548545 0.708154003411099
1.61729054683274e+18 10.8859624763191 -6.6559822688731 4.58542853580269 0.706031998540571 0.0082750371095515 -0.0203505403305534 0.707839103402671
1.6172905475033e+18 10.8882884955065 -6.67286929373279 4.58901526534772 0.703368175096073 0.0071379703726503 -0.0201633351106506 0.710503835005973
1.61729054925236e+18 10.9017780135267 -6.73270053780395 4.58672806082778 0.705019587886771 0.0128737381387466 -0.016403672154746 0.70888120803287
1.61729055147048e+18 10.8958112605757 -6.82045255192778 4.578070014566 0.711091673008962 0.0089272938159121 -0.0178505074499144 0.70281597547738
1.6172905516724e+18 10.8958321034307 -6.82640232288095 4.5773903659086 0.712827982543064 0.0084371266207617 -0.0170003087197586 0.701082072015398
1.61729055253747e+18 10.8922922468114 -6.85109464399987 4.57690836501964 0.713274754984479 0.0070047472446999 -0.0167626007216994 0.700649036704479
1.61729055347719e+18 10.8940409084362 -6.88100301120159 4.57710811507878 0.715726261878297 0.0036295487910916 -0.0196498887450978 0.698094998052269
1.61729055367857e+18 10.8944249491767 -6.88622298418109 4.57688187611592 0.716336243414989 0.0039477215677579 -0.0197158129797506 0.697465474832319
1.61729055441694e+18 10.8960622317097 -6.907337970046 4.57882835367337 0.71591670627183 0.0077978137496186 -0.0204066116676249 0.697843846416852
1.61729055462983e+18 10.8958173432485 -6.91176549143142 4.57901146246082 0.715664370069827 0.0089007889605447 -0.0197296555225443 0.698108892696118
1.61729055536363e+18 10.8946214385384 -6.93527076332467 4.58186826721836 0.71566783219515 0.0070990543240327 -0.0203691488580379 0.698107624341403
1.61729055590479e+18 10.8932688767981 -6.95580118327566 4.58383159278631 0.715623235637429 0.0055491898701448 -0.0235470255861442 0.698067424174519
1.61729055616212e+18 10.8950416200376 -6.965898147936 4.58494696182019 0.716055851175965 0.0047288270748269 -0.0249055924078352 0.697582516737608
1.61729055656641e+18 10.8966425896437 -6.97839518745889 4.58477266705907 0.717685031716023 0.0043898314001648 -0.0247698337141648 0.695913342283953
1.61729055851343e+18 10.9068767812357 -7.03548047450274 4.57877622799796 0.717736117157942 0.0022982771642256 -0.0193446547952322 0.696042648391584
1.6172905587857e+18 10.9075456612644 -7.04289327800404 4.57553045448571 0.7192636003363 0.0041478344122239 -0.0199766338152202 0.694437616206355
1.61729055978895e+18 10.9065890403036 -7.07236634594062 4.56714035437861 0.723731951737771 0.0089581496048093 -0.0232330603898151 0.689631813719769
1.61729056166901e+18 10.9102076165683 -7.13862526308894 4.56420542477973 0.728919456796783 0.0036437190215898 -0.0236599212525891 0.684180792584165
1.61729056770736e+18 10.9307507854674 -7.34121821692196 4.57016270431387 0.72907523114899 0.0059589175661293 -0.0331750971471264 0.683603109673855
1.61729056791259e+18 10.9303113677157 -7.35058898188269 4.57045856972825 0.727552486541871 0.0069042109330916 -0.03526476298809 0.685110288705057
1.61729056972391e+18 10.9180230312769 -7.42817702827954 4.56574768425035 0.719963768988625 0.0208923682366892 -0.0501279178486737 0.69188356834464
1.61729057087156e+18 10.8904256244396 -7.47685703245457 4.55575256693333 0.710684844944359 0.0312224279684505 -0.0685158180004508 0.699469651837659
1.61729057119773e+18 10.8867592816798 -7.49371346805043 4.55130495590594 0.713857205977389 0.0305600300657558 -0.0690743070477637 0.696205942334886
1.61729057139907e+18 10.8861411597927 -7.50477703710573 4.54823476902244 0.714322587789124 0.025971354458849 -0.0665446678418476 0.696161286271824
1.61729057247319e+18 10.8849235608652 -7.55750568440383 4.53759673128693 0.716329013456897 0.0133195912149435 -0.052781981065924 0.695635964743408
1.61729057301005e+18 10.8873856929005 -7.58354467853934 4.5364391093376 0.717445500274841 0.0139497465778969 -0.0514436128298888 0.694572468072846
1.61729057328065e+18 10.8903619352378 -7.59855751121083 4.53456667754744 0.718979186599391 0.0103926986493536 -0.0494752821833665 0.693190534777083
1.61729057603077e+18 10.8966596765413 -7.7184942871286 4.5362768503496 0.73411999505502 -0.005883474428249 -0.0233288617407459 0.67859338472973
1.61729058187031e+18 10.8926880546918 -8.01152673237034 4.54067560954822 0.742399496381344 -0.003027842396899 -0.0132385777150955 0.669819796664169
1.61729058724021e+18 10.8816659748485 -8.25101656563851 4.49513581481135 0.756416248575143 0.0048480496346028 -0.0508084121796297 0.652096204986682
1.61729058744825e+18 10.8819862122824 -8.25818113163982 4.49420967049498 0.757103858127389 0.0062500390927503 -0.0505652971057527 0.651304718045684
1.6172905877772e+18 10.8791216298641 -8.27007472962311 4.49416069644741 0.757667811872603 0.0074595166008525 -0.050638473156867 0.650630146473867
1.6172905879829e+18 10.8787042281603 -8.27766689179743 4.49562038391224 0.757768677865944 0.0067951523036013 -0.0510204281566097 0.650490101893324
1.61729058878501e+18 10.8754662103894 -8.30869684465311 4.50244440803275 0.757140286649562 -0.0033183352896496 -0.0519564712673437 0.651174400661275
1.61729059099908e+18 10.890367100841 -8.39294006131413 4.51056563090232 0.756665225049963 0.0144099965591484 -0.0366066468431458 0.652617838099875
