7.00 -0.007193 -0.867474 1.479065 0.012798 -0.99454 0.103532 0.002921
7.20 0.007101 -0.910505 1.480928 0.017716 -0.994742 0.100872 -0.000289
7.40 0.023879 -0.950035 1.481846 0.026336 -0.994401 0.102258 -0.004027
7.60 0.030692 -0.983842 1.483784 0.030596 -0.994578 0.098847 -0.010363
7.80 0.027269 -0.998114 1.48389 0.031379 -0.994409 0.100417 -0.009135
8.00 0.019169 -1.000206 1.484984 0.025913 -0.994114 0.105048 -0.005611
8.20 0.010929 -0.9984 1.483048 0.018962 -0.994084 0.106844 -0.004725
8.40 0.006175 -0.998434 1.485335 0.020374 -0.994346 0.104199 -0.001935
8.60 0.007848 -0.998007 1.487264 0.024504 -0.993778 0.107435 0.016237
8.80 0.014367 -0.996197 1.48907 0.028159 -0.994252 0.098489 0.031151
9.00 0.021986 -0.994357 1.489752 0.021452 -0.99309 0.104453 0.049002
9.20 0.031952 -0.993141 1.488114 0.020085 -0.991649 0.104646 0.072652
9.40 0.040773 -0.992552 1.487321 0.023577 -0.989854 0.102664 0.09536
9.60 0.046424 -0.993878 1.487551 0.023288 -0.988605 0.097513 0.11229
9.80 0.052225 -0.99552 1.48736 0.022798 -0.98584 0.09756 0.134468
10.00 0.058231 -0.997499 1.48706 0.023282 -0.982306 0.098674 0.157471
10.20 0.06321 -1.000172 1.486058 0.020164 -0.978036 0.100156 0.181679
10.40 0.067306 -1.005699 1.486236 0.024029 -0.974612 0.095979 0.200851
10.60 0.070235 -1.012664 1.487438 0.023483 -0.970599 0.09491 0.21995
10.80 0.072385 -1.017264 1.48676 0.023798 -0.963877 0.102607 0.244636
11.00 0.07308 -1.021836 1.485014 0.028619 -0.957158 0.106903 0.267586
11.20 0.073531 -1.024398 1.482852 0.031144 -0.950974 0.107236 0.288409
11.40 0.074547 -1.025653 1.481631 0.034129 -0.947339 0.107196 0.299822
11.60 0.074955 -1.026605 1.481085 0.035217 -0.944617 0.10652 0.308401
11.80 0.076359 -1.027684 1.48162 0.03553 -0.942169 0.104304 0.316506
12.00 0.07558 -1.028395 1.482648 0.037066 -0.942616 0.101109 0.316034
12.20 0.073642 -1.027167 1.481734 0.036979 -0.942339 0.107201 0.314861
12.40 0.069281 -1.025457 1.480832 0.033327 -0.949252 0.100438 0.296181
12.60 0.061798 -1.022699 1.480474 0.028679 -0.958524 0.105122 0.26336
12.80 0.053531 -1.019975 1.480776 0.023356 -0.965857 0.107431 0.234591
13.00 0.043823 -1.017339 1.479649 0.022323 -0.972546 0.109585 0.204074
13.20 0.031277 -1.016833 1.479565 0.021615 -0.979384 0.10969 0.168251
13.40 0.018916 -1.017397 1.479397 0.021829 -0.984065 0.110958 0.137216
13.60 0.007565 -1.017564 1.477318 0.020448 -0.988167 0.109401 0.105545
13.80 -0.003388 -1.017598 1.474942 0.020486 -0.990056 0.113952 0.079908
14.00 -0.013519 -1.018853 1.473057 0.01966 -0.991927 0.112955 0.054183
14.20 -0.022154 -1.018223 1.470619 0.02075 -0.992308 0.117437 0.033207
14.40 -0.028229 -1.016687 1.468581 0.018097 -0.992359 0.121131 0.014967
14.60 -0.034486 -1.01435 1.46642 0.016506 -0.993065 0.116208 -0.006782
14.80 -0.041933 -1.012995 1.464704 0.012883 -0.992871 0.115049 -0.028366
15.00 -0.048329 -1.012003 1.463178 0.013066 -0.992164 0.113348 -0.05092
15.20 -0.053766 -1.010905 1.461701 0.014648 -0.99081 0.112006 -0.074399
15.40 -0.058455 -1.010217 1.45925 0.010916 -0.989386 0.111486 -0.092556
15.60 -0.062776 -1.011299 1.45623 0.007932 -0.986819 0.115064 -0.113514
15.80 -0.06869 -1.013196 1.455117 0.006888 -0.984242 0.114481 -0.134587
16.00 -0.073852 -1.015692 1.45381 0.006092 -0.981634 0.114765 -0.152269
16.20 -0.077067 -1.016212 1.451272 0.001789 -0.978346 0.118254 -0.16986
16.40 -0.080356 -1.016091 1.448764 0.002668 -0.974818 0.120191 -0.187823
16.60 -0.082794 -1.014837 1.446782 0.00088 -0.972228 0.11679 -0.202813
16.80 -0.085169 -1.014034 1.445914 -0.001284 -0.969368 0.115245 -0.216894
17.00 -0.086915 -1.012128 1.443801 -0.004021 -0.966105 0.117227 -0.229965
17.20 -0.087986 -1.010288 1.441669 -0.003632 -0.96279 0.114645 -0.244701
17.40 -0.089983 -1.008977 1.43949 -0.008881 -0.960519 0.113991 -0.253633
17.60 -0.092452 -1.009211 1.437142 -0.011606 -0.957213 0.115673 -0.265008
17.80 -0.093353 -1.009428 1.435342 -0.011165 -0.954898 0.117122 -0.27263
18.00 -0.093864 -1.010432 1.435686 -0.011076 -0.954334 0.114882 -0.275547
18.20 -0.093604 -1.011398 1.435997 -0.011068 -0.95393 0.11488 -0.276941
18.40 -0.092594 -1.012121 1.436153 -0.011939 -0.953772 0.114542 -0.277592
18.60 -0.090166 -1.013235 1.437269 -0.009453 -0.955667 0.116228 -0.270374
18.80 -0.086761 -1.015664 1.44223 -0.002478 -0.963428 0.120245 -0.23946
19.00 -0.081562 -1.018832 1.447598 0.006619 -0.96963 0.115445 -0.215513
19.20 -0.076064 -1.021262 1.452608 0.009867 -0.974509 0.115891 -0.191844
19.40 -0.069217 -1.022258 1.45634 0.011648 -0.977741 0.114558 -0.175394
19.60 -0.060743 -1.023407 1.460874 0.011754 -0.981182 0.117874 -0.152479
19.80 -0.053652 -1.02424 1.464177 0.020127 -0.98533 0.115629 -0.123892
20.00 -0.048366 -1.024065 1.467611 0.021473 -0.988412 0.118903 -0.091886
20.20 -0.04083 -1.023216 1.469761 0.028205 -0.990106 0.11982 -0.067357
20.40 -0.030952 -1.022495 1.47179 0.034797 -0.990925 0.123173 -0.041044
20.60 -0.02195 -1.021756 1.472595 0.033499 -0.991725 0.121053 -0.026574
20.80 -0.014443 -1.021668 1.474162 0.031934 -0.992126 0.120443 -0.01263
21.00 -0.007513 -1.019325 1.474603 0.033068 -0.992117 0.120843 -0.00291
21.20 -0.001141 -1.016723 1.473227 0.031165 -0.991769 0.124086 0.004974
21.40 0.002202 -1.013714 1.472311 0.02802 -0.99178 0.124845 0.000806
21.60 0.003686 -1.011075 1.472322 0.030936 -0.992453 0.11854 -0.005389
21.80 0.005398 -1.008674 1.471778 0.027969 -0.99232 0.120341 -0.006121
22.00 0.00638 -1.008947 1.473163 0.028549 -0.993197 0.112742 -0.005857
22.20 0.005348 -1.011092 1.475294 0.02595 -0.99332 0.112304 -0.005453
22.40 0.002674 -1.012931 1.477538 0.028334 -0.993872 0.106663 -0.006138
22.60 0.000465 -1.015636 1.480218 0.028639 -0.994416 0.101426 -0.00552
22.80 -0.000776 -1.019498 1.482566 0.027885 -0.994943 0.096392 -0.004478
23.00 -0.00191 -1.02337 1.485809 0.030528 -0.995477 0.089841 -0.004811
23.20 -0.002498 -1.026279 1.487936 0.02787 -0.995824 0.086851 -0.003888
23.40 -0.002015 -1.028209 1.489552 0.028893 -0.996001 0.084412 -0.004702
23.60 -0.001618 -1.02996 1.490716 0.029893 -0.996512 0.077832 -0.003542
23.80 -0.001582 -1.03107 1.491324 0.029885 -0.996604 0.076642 -0.00358
24.00 -0.001415 -1.032433 1.491812 0.030977 -0.996616 0.07608 -0.003042
24.20 -0.000859 -1.034102 1.492547 0.030146 -0.996783 0.074203 -0.002848
24.40 -0.000519 -1.035725 1.493325 0.030891 -0.996895 0.072386 -0.002491
24.60 -0.000474 -1.036451 1.493041 0.032842 -0.996789 0.072986 -0.002448
24.80 -0.000527 -1.036063 1.492792 0.032949 -0.996717 0.073931 -0.001846
25.00 -0.000301 -1.035154 1.492069 0.032568 -0.996585 0.075874 -0.001193
25.20 -0.000175 -1.033846 1.490783 0.031659 -0.99623 0.080741 -0.002002
25.40 -0.000708 -1.032513 1.49018 0.031372 -0.995831 0.085642 -0.001557
25.60 -0.001066 -1.031664 1.488983 0.031761 -0.995575 0.088387 -0.002927
25.80 -0.001406 -1.030787 1.487345 0.030508 -0.995008 0.094986 -0.002617
26.00 -0.001892 -1.03038 1.485255 0.032341 -0.994563 0.098922 -0.003598
26.20 -0.002354 -1.029948 1.483725 0.030906 -0.993918 0.105631 -0.003722
26.40 -0.002546 -1.029127 1.482337 0.030213 -0.993246 0.111944 -0.004205
26.60 -0.002286 -1.027206 1.479539 0.030331 -0.992933 0.114666 -0.004009
26.80 -0.001884 -1.025746 1.477815 0.034832 -0.99239 0.118044 -0.003876
27.00 -0.001471 -1.024393 1.476531 0.034619 -0.992046 0.120961 -0.003861
27.20 -0.001143 -1.023144 1.474314 0.03375 -0.991332 0.126876 -0.00493
27.40 -0.000791 -1.022453 1.472326 0.031713 -0.990465 0.133951 -0.005501
27.60 -0.000419 -1.021422 1.470502 0.031227 -0.990035 0.137205 -0.00543
27.80 -0.000848 -1.02086 1.469582 0.031365 -0.989745 0.139246 -0.005704
28.00 -0.001182 -1.020683 1.469843 0.032306 -0.989901 0.137922 -0.005492
28.20 -0.000596 -1.02027 1.469244 0.031517 -0.989763 0.139085 -0.005519
28.40 -0.000223 -1.019853 1.469362 0.0321 -0.990035 0.137022 -0.005106
28.60 -0.00032 -1.019955 1.469194 0.032907 -0.989995 0.137114 -0.005217
28.80 0.000082 -1.020129 1.469363 0.034708 -0.990112 0.13585 -0.004279
29.00 0.000945 -1.020766 1.469783 0.034791 -0.990604 0.132178 -0.004622
29.20 0.001253 -1.022952 1.472681 0.03144 -0.991198 0.128572 -0.002728
29.40 0.000845 -1.024903 1.474872 0.029861 -0.991619 0.125604 -0.00489
29.60 0.00008 -1.026536 1.476243 0.032692 -0.992442 0.118146 -0.005696
29.80 -0.000246 -1.028611 1.478126 0.03317 -0.993203 0.111433 -0.00553
30.00 -0.000971 -1.030797 1.479515 0.03051 -0.993221 0.111973 -0.006576
30.20 -0.001362 -1.031886 1.479532 0.030274 -0.993479 0.109732 -0.006439
30.40 -0.002163 -1.033869 1.480797 0.032276 -0.994122 0.103149 -0.006287
30.60 -0.003307 -1.035848 1.481383 0.030116 -0.994045 0.104544 -0.006099
30.80 -0.004278 -1.037294 1.482006 0.030597 -0.994043 0.104493 -0.004805
31.00 -0.004946 -1.037558 1.480755 0.032338 -0.993811 0.106199 -0.004083
31.20 -0.004216 -1.038407 1.480842 0.030274 -0.993881 0.106181 -0.003276
31.40 -0.000835 -1.038359 1.480687 0.021433 -0.994229 0.105071 -0.003097
31.60 0.004869 -1.037493 1.478924 0.00859 -0.993754 0.111172 -0.004489
31.80 0.011011 -1.03534 1.477403 -0.005441 -0.993248 0.115836 -0.003344
32.00 0.017067 -1.033846 1.478029 -0.014165 -0.993714 0.110997 -0.003477
32.20 0.0248 -1.031639 1.476789 -0.026463 -0.993155 0.113754 -0.001464
32.40 0.032412 -1.028818 1.475536 -0.040327 -0.992495 0.115443 0.000658
32.60 0.03943 -1.026038 1.474654 -0.052529 -0.992056 0.114307 0.000611
32.80 0.047039 -1.024596 1.474345 -0.067093 -0.990771 0.117747 0.002807
33.00 0.055466 -1.024009 1.474821 -0.082329 -0.989945 0.114954 0.003978
33.20 0.063438 -1.022525 1.474429 -0.095206 -0.988926 0.113766 0.004271
33.40 0.069271 -1.02106 1.474177 -0.107827 -0.987427 0.115373 0.007116
33.60 0.073858 -1.020778 1.474654 -0.116845 -0.986593 0.113692 0.007516
33.80 0.07791 -1.019979 1.475208 -0.123455 -0.986162 0.110158 0.010414
34.00 0.080505 -1.017329 1.474505 -0.130259 -0.985166 0.111134 0.011404
34.20 0.082028 -1.014551 1.473288 -0.131851 -0.984538 0.114524 0.013564
34.40 0.083122 -1.012471 1.472853 -0.135027 -0.983951 0.115799 0.014089
34.60 0.083449 -1.010525 1.472641 -0.133682 -0.984445 0.113105 0.014294
34.80 0.083895 -1.008629 1.472162 -0.134382 -0.98451 0.11176 0.013822
35.00 0.084669 -1.006707 1.470799 -0.136371 -0.983432 0.118297 0.016434
35.20 0.084166 -1.005931 1.471451 -0.135785 -0.983572 0.117899 0.015788
35.40 0.083713 -1.006721 1.472242 -0.133672 -0.984111 0.116003 0.014191
35.60 0.081315 -1.008547 1.472986 -0.129171 -0.985129 0.112536 0.013076
35.80 0.076158 -1.00903 1.472121 -0.120031 -0.985996 0.115023 0.013204
36.00 0.069478 -1.010093 1.472325 -0.109352 -0.987258 0.114892 0.012767
36.20 0.0609 -1.011822 1.472794 -0.098573 -0.988173 0.116695 0.013379
36.40 0.052767 -1.013256 1.472871 -0.083711 -0.989341 0.118291 0.014252
36.60 0.044877 -1.01453 1.472426 -0.069338 -0.990624 0.117019 0.012749
36.80 0.038202 -1.017429 1.473433 -0.057993 -0.991124 0.118858 0.013541
37.00 0.030122 -1.019936 1.473841 -0.042852 -0.992072 0.117612 0.011163
37.20 0.01892 -1.022809 1.474855 -0.022654 -0.993145 0.114416 0.007669
37.40 0.007869 -1.025036 1.475116 -0.003048 -0.993454 0.114008 0.006461
37.60 -0.000415 -1.02758 1.475133 0.01353 -0.993379 0.113959 0.005394
37.80 -0.006922 -1.030152 1.474842 0.027593 -0.992801 0.1164 0.006037
38.00 -0.01429 -1.032028 1.474749 0.041374 -0.992442 0.115367 0.006133
38.20 -0.022512 -1.033861 1.474753 0.054097 -0.992127 0.112788 0.006071
38.40 -0.031648 -1.035651 1.474635 0.066157 -0.991302 0.113706 0.003706
38.60 -0.041585 -1.037167 1.474726 0.074134 -0.990466 0.116107 0.001153
38.80 -0.049384 -1.038927 1.474932 0.084442 -0.989921 0.113693 -0.00017
39.00 -0.056211 -1.040803 1.475035 0.092095 -0.989262 0.113483 -0.000352
39.20 -0.063175 -1.041902 1.474537 0.099793 -0.988311 0.115237 -0.00203
39.40 -0.069589 -1.042973 1.473912 0.107319 -0.987167 0.118222 -0.002641
39.60 -0.075368 -1.044016 1.473644 0.114688 -0.986641 0.115662 -0.003062
39.80 -0.080472 -1.04514 1.473167 0.12046 -0.985965 0.115554 -0.003274
40.00 -0.084495 -1.046412 1.473678 0.124334 -0.985596 0.114557 -0.004228
40.20 -0.087126 -1.047182 1.474038 0.132451 -0.984696 0.113206 -0.003883
40.40 -0.08931 -1.046628 1.473681 0.137423 -0.98415 0.112023 -0.003737
40.60 -0.090858 -1.045021 1.473149 0.14295 -0.983317 0.112432 -0.003367
40.80 -0.091704 -1.043479 1.472523 0.144574 -0.982686 0.11581 -0.003818
41.00 -0.092347 -1.041187 1.47197 0.146961 -0.982308 0.11605 -0.002356
41.20 -0.09152 -1.038756 1.471187 0.148937 -0.982147 0.114909 -0.001301
41.40 -0.091574 -1.037038 1.470772 0.151266 -0.981518 0.117225 -0.000357
41.60 -0.092266 -1.035553 1.470008 0.147822 -0.981842 0.118887 -0.000148
41.80 -0.091545 -1.034655 1.470567 0.145095 -0.982466 0.117077 -0.000637
42.00 -0.090993 -1.034738 1.470265 0.143913 -0.982628 0.117171 -0.001448
42.20 -0.090684 -1.035833 1.469773 0.14441 -0.982534 0.117356 -0.000929
42.40 -0.086689 -1.037492 1.469944 0.137448 -0.983969 0.113621 -0.00205
42.60 -0.078805 -1.038779 1.470327 0.120141 -0.986044 0.115226 -0.002394
42.80 -0.07109 -1.039807 1.47092 0.108633 -0.987125 0.117393 -0.001557
43.00 -0.063521 -1.039227 1.470469 0.097396 -0.988853 0.112575 -0.003311
43.20 -0.056393 -1.038455 1.469497 0.081032 -0.989589 0.118893 -0.003513
43.40 -0.049161 -1.037706 1.470095 0.071003 -0.990544 0.117332 -0.003839
43.60 -0.041558 -1.036834 1.470076 0.056429 -0.991224 0.119514 -0.002744
43.80 -0.033292 -1.035318 1.470469 0.045704 -0.991897 0.11854 -0.000541
44.00 -0.025068 -1.034568 1.471548 0.035529 -0.992363 0.118125 -0.000044
44.20 -0.017851 -1.03405 1.472451 0.029059 -0.993014 0.114355 0.001177
44.40 -0.011039 -1.03378 1.472476 0.021323 -0.993294 0.113606 0.002456
44.60 -0.004869 -1.033793 1.471644 0.01722 -0.993011 0.116746 0.001913
44.80 0.000834 -1.033966 1.471409 0.011713 -0.993348 0.114518 0.002978
45.00 0.004315 -1.034951 1.471532 0.011027 -0.99321 0.115774 0.002877
