5.40 -0.031544 -0.585906 1.456667 0.03563 -0.986986 0.156801 -0.001719
5.60 -0.05231 -0.604651 1.454083 0.027235 -0.987436 0.155638 0.002443
5.80 -0.074847 -0.626531 1.456853 0.021888 -0.987947 0.153139 0.005427
6.00 -0.085176 -0.645884 1.458583 0.036175 -0.987513 0.153271 0.004123
6.20 -0.080809 -0.656464 1.460208 0.036226 -0.987993 0.15012 -0.004625
6.40 -0.067843 -0.666365 1.461118 0.03437 -0.987798 0.151794 -0.005666
6.60 -0.052022 -0.673149 1.461553 0.028651 -0.988279 0.149949 -0.000024
6.80 -0.036775 -0.678844 1.461058 0.012571 -0.988238 0.1524 0.001072
7.00 -0.021105 -0.683332 1.460551 -0.002941 -0.98861 0.150461 0.001604
7.20 -0.005991 -0.688235 1.459593 -0.016985 -0.988259 0.151823 0.00235
7.40 0.007793 -0.693314 1.460465 -0.027662 -0.988834 0.146321 0.00573
7.60 0.019777 -0.700346 1.460766 -0.039922 -0.988454 0.145981 0.007324
7.80 0.031049 -0.705736 1.461205 -0.053071 -0.988227 0.143352 0.006385
8.00 0.043057 -0.708628 1.459685 -0.065209 -0.987537 0.143181 0.004193
8.20 0.052494 -0.710493 1.457368 -0.076351 -0.985743 0.149812 0.006132
8.40 0.059971 -0.712585 1.457664 -0.083554 -0.985206 0.149351 0.009123
8.60 0.0692 -0.71453 1.45776 -0.096997 -0.984007 0.148934 0.011846
8.80 0.078279 -0.713927 1.456269 -0.102144 -0.983215 0.150528 0.014029
9.00 0.086154 -0.713245 1.455948 -0.11097 -0.982309 0.150232 0.013591
9.20 0.092512 -0.71314 1.456716 -0.118524 -0.981466 0.149747 0.015903
9.40 0.098451 -0.713064 1.455315 -0.12354 -0.979283 0.15962 0.016273
9.60 0.102378 -0.714703 1.45477 -0.130912 -0.979735 0.150681 0.016657
9.80 0.104276 -0.716535 1.454938 -0.137277 -0.978629 0.152127 0.017241
10.00 0.103748 -0.717181 1.454396 -0.137831 -0.978941 0.14967 0.016591
10.20 0.102969 -0.718132 1.454528 -0.139021 -0.978501 0.151273 0.018038
10.40 0.101497 -0.718076 1.454171 -0.136384 -0.97869 0.152211 0.019948
10.60 0.099954 -0.718628 1.454489 -0.13535 -0.979069 0.15092 0.018103
10.80 0.097919 -0.719539 1.454896 -0.134467 -0.979197 0.150723 0.019375
11.00 0.092459 -0.719413 1.455204 -0.126426 -0.97986 0.153494 0.01821
11.20 0.084145 -0.718743 1.455326 -0.115161 -0.981759 0.150328 0.017011
11.40 0.074807 -0.71737 1.455565 -0.103957 -0.983 0.150454 0.016384
11.60 0.064833 -0.7165 1.45593 -0.088683 -0.98489 0.148065 0.014305
11.80 0.055786 -0.715775 1.456085 -0.080237 -0.985149 0.151148 0.014054
12.00 0.046284 -0.715651 1.456157 -0.066571 -0.986545 0.148862 0.011717
12.20 0.034973 -0.714588 1.456542 -0.050263 -0.98731 0.150277 0.010472
12.40 0.022696 -0.714275 1.457042 -0.033389 -0.988667 0.146204 0.006928
12.60 0.012011 -0.714117 1.457251 -0.018604 -0.988828 0.147724 0.007178
12.80 0.003917 -0.714686 1.457783 -0.006905 -0.988999 0.147636 0.006044
13.00 -0.003678 -0.715488 1.458048 0.002842 -0.989104 0.147061 0.006208
13.20 -0.009921 -0.715949 1.458381 0.011771 -0.989199 0.14598 0.005992
13.40 -0.015311 -0.715661 1.458022 0.019217 -0.988963 0.146766 0.006537
13.60 -0.019893 -0.714973 1.457366 0.024644 -0.988631 0.148196 0.006349
13.80 -0.023047 -0.713737 1.457882 0.03042 -0.988411 0.148582 0.006373
14.00 -0.027171 -0.714331 1.459253 0.036711 -0.988902 0.143889 0.004639
14.20 -0.030149 -0.713724 1.459957 0.038229 -0.988769 0.144379 0.005362
14.40 -0.031596 -0.711243 1.459106 0.037586 -0.989025 0.14279 0.00524
14.60 -0.034823 -0.710137 1.458214 0.036745 -0.988802 0.144558 0.004817
14.80 -0.038664 -0.709332 1.45859 0.027417 -0.989266 0.14348 0.003782
15.00 -0.03073 -0.711316 1.459511 0.028669 -0.990124 0.137229 -0.000907
15.20 0.008488 -0.713553 1.456109 0.033668 -0.989573 0.140029 0.002083
15.40 0.079903 -0.716347 1.450314 0.043413 -0.989315 0.139071 -0.005587
15.60 0.163801 -0.725559 1.449763 0.063296 -0.987705 0.142631 -0.009389
15.80 0.228194 -0.739104 1.454171 0.064102 -0.987095 0.146417 -0.009877
16.00 0.265648 -0.752405 1.457438 0.063709 -0.988509 0.136461 -0.012998
16.20 0.288073 -0.755121 1.45763 0.052486 -0.989107 0.137415 -0.00551
16.40 0.308599 -0.75058 1.459869 0.032573 -0.989247 0.142578 -0.000937
16.60 0.326573 -0.748723 1.457871 0.021602 -0.988547 0.149232 0.006102
16.80 0.358118 -0.745987 1.454808 0.019182 -0.988469 0.149889 0.009681
17.00 0.412132 -0.74402 1.454535 0.022163 -0.989429 0.143212 0.005387
17.20 0.485379 -0.74387 1.453962 0.030457 -0.9897 0.139788 -0.005106
17.40 0.555702 -0.749393 1.455227 0.025219 -0.990108 0.137826 -0.007396
17.60 0.614305 -0.760024 1.458661 0.027038 -0.989864 0.139407 -0.002217
17.80 0.653927 -0.76731 1.462094 0.026737 -0.989844 0.139617 -0.001296
18.00 0.67672 -0.772607 1.463642 0.006718 -0.990669 0.136115 0.001627
18.20 0.693308 -0.774838 1.464976 0.003965 -0.990952 0.134149 0.001629
18.40 0.712171 -0.775744 1.46383 -0.002356 -0.990621 0.136543 -0.004598
18.60 0.731009 -0.778815 1.463767 -0.011388 -0.989753 0.142223 -0.005666
18.80 0.747342 -0.781879 1.463363 -0.019649 -0.989689 0.141814 -0.004288
19.00 0.760561 -0.783702 1.462945 -0.02624 -0.98979 0.140078 -0.002414
19.20 0.772296 -0.786096 1.462366 -0.031963 -0.989165 0.143253 -0.003041
19.40 0.784934 -0.790205 1.462327 -0.030592 -0.988738 0.146497 0.00023
19.60 0.796493 -0.793463 1.46164 -0.037005 -0.98899 0.143276 0.001533
19.80 0.805781 -0.79546 1.460752 -0.041221 -0.98854 0.145114 0.00559
20.00 0.810897 -0.796946 1.461045 -0.045382 -0.988327 0.145332 0.005295
20.20 0.814625 -0.797866 1.460343 -0.048883 -0.987599 0.149083 0.005801
20.40 0.814798 -0.798718 1.460247 -0.0537 -0.987704 0.146718 0.005495
20.60 0.812472 -0.79794 1.459828 -0.051291 -0.987521 0.148773 0.006125
20.80 0.80784 -0.798379 1.460411 -0.047567 -0.987644 0.149072 0.008609
21.00 0.800562 -0.798618 1.461889 -0.045263 -0.988502 0.143975 0.009266
21.20 0.793637 -0.798979 1.462939 -0.043601 -0.988294 0.145936 0.008819
21.40 0.786095 -0.800359 1.463722 -0.041689 -0.98774 0.149831 0.013497
21.60 0.777188 -0.801684 1.463465 -0.04324 -0.987841 0.148611 0.014652
21.80 0.764797 -0.802971 1.462632 -0.046925 -0.986847 0.153364 0.02027
22.00 0.745116 -0.802311 1.462044 -0.033108 -0.986878 0.156922 0.018735
22.20 0.726604 -0.799413 1.462465 -0.026686 -0.987048 0.157187 0.017809
22.40 0.711463 -0.794938 1.464563 -0.014485 -0.986978 0.159122 0.018577
22.60 0.69045 -0.785965 1.465541 -0.010639 -0.985946 0.165858 0.017017
22.80 0.672148 -0.781972 1.469562 -0.006511 -0.985986 0.165516 0.019843
23.00 0.653018 -0.776296 1.473009 -0.002092 -0.985582 0.167396 0.024554
23.20 0.626391 -0.76997 1.474195 0.00935 -0.986772 0.160568 0.020284
23.40 0.581654 -0.758507 1.471266 0.016846 -0.986509 0.161909 0.017357
23.60 0.516712 -0.750795 1.470144 0.01166 -0.987434 0.156548 0.0182
23.80 0.4449 -0.746386 1.470874 0.00823 -0.987405 0.155982 0.025177
24.00 0.389068 -0.748715 1.471921 0.001022 -0.986671 0.160453 0.027096
24.20 0.356153 -0.750235 1.470216 0.007614 -0.985361 0.168794 0.022671
24.40 0.336576 -0.747869 1.473079 0.010062 -0.986112 0.16536 0.011757
24.60 0.318679 -0.743924 1.478883 0.018953 -0.986157 0.164475 0.009101
24.80 0.289909 -0.742544 1.479284 0.028262 -0.987061 0.157837 -0.000065
25.00 0.237613 -0.738994 1.474992 0.029943 -0.986786 0.159134 -0.005851
25.20 0.165166 -0.734453 1.476201 0.034877 -0.987202 0.155195 0.011476
25.40 0.094265 -0.734802 1.478512 0.038851 -0.985599 0.163804 0.015927
25.60 0.03836 -0.741335 1.477181 0.027807 -0.985871 0.164833 0.010776
25.80 0.003237 -0.746506 1.476797 0.027466 -0.985496 0.166732 0.015639
26.00 -0.01129 -0.747017 1.477938 0.034803 -0.985932 0.163348 0.006657
26.20 -0.010417 -0.742535 1.480048 0.036489 -0.986677 0.158424 0.006204
26.40 -0.005876 -0.741722 1.482541 0.042771 -0.987012 0.154846 -0.001014
26.60 -0.012223 -0.741986 1.482839 0.047949 -0.987411 0.150678 -0.004095
26.80 -0.028955 -0.737952 1.483841 0.042531 -0.988204 0.147061 -0.004198
27.00 -0.049431 -0.734327 1.485291 0.04311 -0.988422 0.145454 0.002513
27.20 -0.060433 -0.73064 1.483628 0.036544 -0.988563 0.146283 0.002865
27.40 -0.061556 -0.730365 1.483707 0.028622 -0.989164 0.143971 0.002929
27.60 -0.06213 -0.730344 1.483979 0.01488 -0.989714 0.142283 -0.000013
27.80 -0.059995 -0.729191 1.483662 0.011927 -0.989451 0.144375 0.000431
28.00 -0.059953 -0.72817 1.483319 0.01131 -0.989972 0.140807 -0.000667
28.20 -0.061521 -0.72789 1.483243 0.014228 -0.989529 0.143623 0.001179
28.40 -0.063835 -0.728287 1.483454 0.019895 -0.989695 0.141806 -0.00001
28.60 -0.06783 -0.730425 1.483581 0.026765 -0.989752 0.140259 0.00179
28.80 -0.075714 -0.733022 1.482902 0.039888 -0.988887 0.143218 0.000823
29.00 -0.084891 -0.736402 1.482731 0.054208 -0.988196 0.143286 0.000334
29.20 -0.093257 -0.739711 1.482384 0.069718 -0.987498 0.141374 -0.000736
29.40 -0.100809 -0.742377 1.481664 0.08202 -0.986378 0.142559 -0.002872
29.60 -0.107375 -0.746046 1.482284 0.094719 -0.985395 0.141475 -0.003151
29.80 -0.113242 -0.748405 1.481499 0.103357 -0.984433 0.142047 -0.005642
30.00 -0.118881 -0.750489 1.480838 0.117814 -0.982634 0.143217 -0.006217
30.20 -0.123604 -0.754109 1.481074 0.128295 -0.981492 0.141992 -0.007288
30.40 -0.128228 -0.75784 1.481078 0.136463 -0.98031 0.142486 -0.008255
30.60 -0.132275 -0.761029 1.480617 0.145723 -0.979173 0.140903 -0.011514
30.80 -0.138231 -0.763848 1.479857 0.155239 -0.977461 0.142437 -0.013535
31.00 -0.144703 -0.766142 1.479586 0.165077 -0.975736 0.143059 -0.014896
31.20 -0.148388 -0.767844 1.48067 0.169955 -0.9751 0.141758 -0.014138
31.40 -0.149919 -0.767692 1.480104 0.17295 -0.97464 0.141356 -0.013551
31.60 -0.150266 -0.767341 1.479441 0.176121 -0.974156 0.140748 -0.013828
31.80 -0.150324 -0.767335 1.479648 0.176661 -0.97418 0.139942 -0.013455
32.00 -0.150722 -0.768317 1.48009 0.176989 -0.974191 0.139441 -0.013515
32.20 -0.151836 -0.769848 1.479595 0.180641 -0.97351 0.139542 -0.013251
32.40 -0.151902 -0.770966 1.479645 0.179798 -0.973408 0.141359 -0.01292
32.60 -0.151318 -0.772177 1.479335 0.179388 -0.97322 0.143186 -0.012706
32.80 -0.15256 -0.772933 1.479346 0.181656 -0.972955 0.142134 -0.012547
33.00 -0.154645 -0.773285 1.478997 0.18339 -0.972809 0.140887 -0.012718
33.20 -0.154262 -0.772865 1.478509 0.182006 -0.972961 0.141406 -0.014982
33.40 -0.153499 -0.772367 1.478121 0.180549 -0.973141 0.142068 -0.014689
33.60 -0.150171 -0.771082 1.478003 0.174178 -0.974162 0.143018 -0.014709
33.80 -0.142922 -0.768129 1.477176 0.161718 -0.97629 0.143113 -0.014938
34.00 -0.134593 -0.7655 1.477445 0.149338 -0.978308 0.142834 -0.014519
34.20 -0.126928 -0.762996 1.477811 0.135242 -0.980377 0.142723 -0.014136
34.40 -0.117739 -0.760258 1.477945 0.119593 -0.982528 0.14206 -0.012464
34.60 -0.108727 -0.758241 1.477172 0.10595 -0.983966 0.143032 -0.011263
34.80 -0.099987 -0.757159 1.477382 0.09438 -0.985445 0.140959 -0.010975
35.00 -0.090823 -0.755944 1.476975 0.083128 -0.986452 0.141122 -0.009322
35.20 -0.082596 -0.754631 1.476444 0.072616 -0.987121 0.14224 -0.009318
35.40 -0.074604 -0.752483 1.474874 0.062921 -0.987583 0.143717 -0.008093
35.60 -0.066279 -0.751382 1.475019 0.050472 -0.988454 0.142642 -0.00798
35.80 -0.056804 -0.750075 1.474682 0.041957 -0.988643 0.144191 -0.005782
36.00 -0.046848 -0.748958 1.474426 0.032496 -0.98926 0.142427 -0.004774
36.20 -0.037261 -0.747893 1.474031 0.026023 -0.989285 0.143646 -0.002125
36.40 -0.028344 -0.747167 1.474567 0.017445 -0.989479 0.143621 0.00008
36.60 -0.019703 -0.746666 1.475417 0.011969 -0.989737 0.142397 -0.000144
36.80 -0.014311 -0.746248 1.474848 0.012384 -0.989966 0.140761 -0.000967
37.00 -0.013361 -0.745199 1.474685 0.016027 -0.989819 0.141422 -0.001312
37.20 -0.012597 -0.742932 1.474661 0.014947 -0.98942 0.144279 -0.002756
37.40 -0.013289 -0.738846 1.475699 0.021326 -0.989917 0.140013 -0.002443
37.60 -0.022614 -0.733325 1.474376 0.029586 -0.989505 0.141375 -0.004258
37.80 -0.05597 -0.721524 1.469278 0.024945 -0.989236 0.144081 -0.005605
38.00 -0.114756 -0.706649 1.465612 0.017954 -0.989877 0.140786 -0.000215
38.20 -0.184074 -0.692868 1.467186 -0.001122 -0.989507 0.143582 0.016072
38.40 -0.244596 -0.679985 1.466407 -0.008376 -0.989373 0.144044 0.017961
38.60 -0.286283 -0.660802 1.462974 -0.01218 -0.988578 0.150046 0.007217
38.80 -0.30533 -0.642872 1.460501 -0.002229 -0.987974 0.154589 0.002379
39.00 -0.314508 -0.630081 1.462008 0.001711 -0.988034 0.154226 -0.00091
39.20 -0.34017 -0.622288 1.461209 0.008235 -0.988355 0.151901 -0.003488
39.40 -0.392631 -0.613185 1.459988 -0.003317 -0.988668 0.150075 -0.001333
39.60 -0.461861 -0.612225 1.465367 -0.010254 -0.989421 0.144271 0.011307
39.80 -0.532627 -0.623974 1.472266 -0.011362 -0.98958 0.142839 0.014154
40.00 -0.580787 -0.632939 1.467566 -0.02134 -0.987992 0.152453 0.013243
40.20 -0.598119 -0.639222 1.464738 -0.01579 -0.988526 0.150142 0.005018
40.40 -0.602565 -0.642506 1.469428 -0.007479 -0.988577 0.150359 0.007139
40.60 -0.61932 -0.643344 1.473333 0.002485 -0.989313 0.145775 -0.00158
40.80 -0.650486 -0.636062 1.477571 0.005329 -0.989673 0.143187 0.004114
41.00 -0.692587 -0.630443 1.478699 0.004558 -0.989089 0.147042 0.007838
41.20 -0.738447 -0.627334 1.476594 0.009251 -0.988539 0.150486 0.007681
41.40 -0.783606 -0.625095 1.474545 0.011437 -0.98758 0.156581 0.006034
41.60 -0.821694 -0.624588 1.475139 0.01866 -0.987899 0.153889 0.005043
41.80 -0.854719 -0.624072 1.475282 0.021269 -0.988105 0.152199 0.005696
42.00 -0.882463 -0.621187 1.473903 0.022814 -0.986965 0.159179 0.0065
42.20 -0.90918 -0.620553 1.474917 0.027221 -0.987127 0.157429 0.00753
42.40 -0.935526 -0.619188 1.47481 0.037197 -0.987075 0.155736 0.006808
42.60 -0.958529 -0.614454 1.474887 0.037451 -0.986835 0.157109 0.008364
42.80 -0.97568 -0.609473 1.475795 0.034587 -0.987389 0.154368 0.006025
43.00 -0.988713 -0.604454 1.475602 0.033246 -0.987036 0.156808 0.008149
43.20 -0.998222 -0.604178 1.474557 0.038758 -0.987021 0.155632 0.008097
43.40 -1.008228 -0.603876 1.474572 0.039744 -0.987444 0.152655 0.008493
43.60 -1.018674 -0.603544 1.476182 0.03122 -0.987454 0.154487 0.009636
43.80 -1.028669 -0.605373 1.475796 0.028145 -0.987618 0.153884 0.011808
44.00 -1.035107 -0.608262 1.474885 0.029751 -0.987823 0.1525 0.008095
44.20 -1.029507 -0.608915 1.474352 0.037714 -0.986693 0.158037 0.006281
44.40 -1.022603 -0.610135 1.475728 0.036719 -0.987287 0.1545 0.006717
44.60 -1.035321 -0.608638 1.476068 0.044739 -0.987444 0.151487 0.001923
44.80 -1.067734 -0.604496 1.479899 0.048245 -0.986997 0.152998 0.010024
45.00 -1.097444 -0.600497 1.481203 0.042884 -0.986478 0.157064 0.018813
45.20 -1.115937 -0.601257 1.481285 0.039688 -0.987599 0.151056 0.015955
45.40 -1.128256 -0.605909 1.481902 0.04082 -0.987578 0.150614 0.018387
45.60 -1.13394 -0.610643 1.482852 0.045593 -0.987609 0.149546 0.013663
45.80 -1.13614 -0.614212 1.483199 0.049894 -0.987566 0.1481 0.017046
46.00 -1.134254 -0.615651 1.4827 0.050917 -0.987417 0.148979 0.014828
46.20 -1.134521 -0.618527 1.483218 0.053476 -0.987278 0.148837 0.016463
46.40 -1.13282 -0.619418 1.483888 0.049933 -0.987971 0.145557 0.015265
46.60 -1.129822 -0.620427 1.484799 0.047415 -0.988578 0.142232 0.015315
46.80 -1.127494 -0.621033 1.483932 0.048595 -0.98817 0.14441 0.017446
47.00 -1.117355 -0.622103 1.483975 0.046423 -0.988007 0.14637 0.016235
47.20 -1.090668 -0.622453 1.483788 0.04777 -0.988051 0.145451 0.017835
47.40 -1.055509 -0.623117 1.482019 0.039474 -0.988972 0.142166 0.012842
47.60 -1.00912 -0.623773 1.479585 0.03972 -0.988721 0.144073 0.009751
47.80 -0.957979 -0.628381 1.477687 0.045992 -0.98899 0.140606 0.003791
48.00 -0.916607 -0.630908 1.474037 0.038949 -0.98881 0.143967 0.003394
48.20 -0.890598 -0.632001 1.472647 0.032233 -0.989997 0.137306 -0.003693
48.40 -0.870375 -0.632552 1.474427 0.036653 -0.989299 0.141147 0.004593
48.60 -0.83549 -0.634852 1.474639 0.037995 -0.98925 0.140672 0.012341
48.80 -0.773432 -0.634918 1.473574 0.041258 -0.989191 0.140306 0.010675
49.00 -0.68559 -0.636317 1.469063 0.04646 -0.989723 0.135214 0.002563
49.20 -0.599651 -0.638945 1.468655 0.052442 -0.988594 0.141134 -0.003512
49.40 -0.543294 -0.642084 1.472327 0.044378 -0.988806 0.142363 -0.005181
49.60 -0.512278 -0.642459 1.47305 0.037781 -0.989917 0.136517 0.00036
49.80 -0.484504 -0.639056 1.474162 0.035418 -0.989504 0.139962 0.006214
50.00 -0.444267 -0.63623 1.472636 0.028972 -0.989314 0.142329 0.012683
50.20 -0.381956 -0.636634 1.471254 0.038706 -0.989322 0.140077 0.011087
50.40 -0.310671 -0.641863 1.473081 0.045332 -0.989636 0.136251 -0.000807
50.60 -0.258144 -0.646956 1.474746 0.045863 -0.98927 0.138468 -0.008268
50.80 -0.228519 -0.648551 1.474003 0.046611 -0.9893 0.137727 -0.012016
51.00 -0.215101 -0.646609 1.476611 0.03711 -0.990317 0.133664 -0.005307
51.20 -0.203319 -0.644595 1.479239 0.033887 -0.990451 0.133463 -0.006783
51.40 -0.175435 -0.640055 1.47922 0.03148 -0.990465 0.134121 -0.000624
51.60 -0.125521 -0.634069 1.478122 0.030425 -0.990205 0.136263 -0.000817
