1563961557613548032 10.6993043681221511 -7.8950164299916654 4.6037531375413643 0.7079311980631706 0.0319393958158936 0.0518558898811160 0.7036506665159900
1563961558888975360 10.7227257484640379 -7.8923242929762178 4.6027403287755648 0.6976651900052534 0.1093142488597361 0.1299498911981897 0.6960076892023136
1563961560298664448 10.7579406034785858 -7.8789962629835140 4.6046612695182283 0.6771429053749690 0.1899127068321834 0.2131129800058873 0.6782282117672698
1617290544549877248 10.8806602083207924 -6.6035173980011042 4.5876608282917086 0.7047208881021972 0.0133490453653038 -0.0246205168603069 0.7089316631451983
1617290561669013760 10.9102076165682806 -7.1386252630889402 4.5642054247797255 0.7289194567967830 0.0036437190215898 -0.0236599212525891 0.6841807925841645
1617290573010045952 10.8873856929004731 -7.5835446785393437 4.5364391093376044 0.7174455002748410 0.0139497465778969 -0.0514436128298888 0.6945724680728458
1617290590999079680 10.8903671008410026 -8.3929400613141283 4.5105656309023212 0.7566652250499634 0.0144099965591484 -0.0366066468431458 0.6526178380998754
1617294044286805504 10.7691260821868511 -6.7755140283963415 4.5986961826611328 0.6422792115106205 -0.1985120594263409 -0.3130403911756357 0.6708771051513187
1652460946957060096 10.5969974146639423 -9.6968126812148459 5.3277477235840331 0.7511901042734833 0.0438737686636165 0.0238396658734090 0.6581946444600478
1652460952729779968 10.5558000995913659 -9.4275921242789931 5.3758805030052388 0.7519266480329642 0.0479247027966787 0.0257548802542886 0.6569978881114065
