4.80 0.015586 -0.879289 1.450645 0.012837 -0.985601 0.168186 -0.011804
5.00 -0.004619 -0.926812 1.458314 0.014301 -0.987267 0.157291 -0.01897
5.20 -0.031819 -0.945507 1.462347 0.013239 -0.986909 0.160224 -0.012797
5.40 -0.057698 -0.954781 1.461584 0.014104 -0.988299 0.151087 -0.015492
5.60 -0.069605 -0.96287 1.462226 0.016504 -0.987682 0.155209 -0.011068
5.80 -0.066143 -0.963892 1.460891 0.015292 -0.986779 0.16104 -0.009963
6.00 -0.059825 -0.965635 1.460227 0.017089 -0.988035 0.152724 -0.013042
6.20 -0.059362 -0.969229 1.463468 0.017691 -0.988757 0.148039 -0.011477
6.40 -0.059612 -0.975378 1.471476 0.020695 -0.99053 0.135509 -0.007665
6.60 -0.05976 -0.978837 1.476564 0.018616 -0.991654 0.127243 -0.009244
6.80 -0.060405 -0.981601 1.480132 0.022444 -0.993098 0.114727 -0.00947
7.00 -0.061044 -0.983338 1.484632 0.020331 -0.994181 0.105651 -0.005326
7.20 -0.062816 -0.98568 1.488333 0.021447 -0.994821 0.099258 -0.004392
7.40 -0.065922 -0.988237 1.490537 0.020925 -0.994937 0.09801 -0.007538
7.60 -0.069072 -0.992205 1.494087 0.021632 -0.995605 0.090567 -0.010017
7.80 -0.070066 -0.99634 1.496665 0.021022 -0.996212 0.083903 -0.008996
8.00 -0.069752 -0.998864 1.498397 0.022204 -0.996763 0.076591 -0.010225
8.20 -0.070396 -1.001178 1.499997 0.025194 -0.997079 0.071219 -0.011225
8.40 -0.069961 -1.002284 1.500519 0.024993 -0.997128 0.070913 -0.009094
8.60 -0.068219 -1.002119 1.500256 0.02621 -0.997299 0.06798 -0.009288
8.80 -0.066107 -1.001126 1.499396 0.02775 -0.997316 0.067077 -0.009546
9.00 -0.065029 -1.000465 1.499242 0.026655 -0.997073 0.070952 -0.009993
9.20 -0.064189 -0.999319 1.498299 0.026648 -0.996915 0.073316 -0.008724
9.40 -0.063587 -0.997257 1.496362 0.024744 -0.99653 0.079172 -0.006913
9.60 -0.063734 -0.996918 1.494133 0.026275 -0.996163 0.082998 -0.008947
9.80 -0.064617 -0.996867 1.49123 0.025246 -0.99547 0.091277 -0.008427
10.00 -0.065154 -0.996166 1.487813 0.023727 -0.994492 0.101704 -0.008881
10.20 -0.065499 -0.995481 1.483505 0.023767 -0.993278 0.113082 -0.006875
10.40 -0.065978 -0.994406 1.479116 0.026304 -0.992468 0.119415 -0.007436
10.60 -0.066666 -0.992836 1.47625 0.026493 -0.990977 0.131223 -0.006641
10.80 -0.067026 -0.992168 1.473673 0.028753 -0.990187 0.136522 -0.007989
11.00 -0.06698 -0.99045 1.470286 0.02722 -0.989255 0.143495 -0.006594
11.20 -0.066482 -0.99136 1.469255 0.026069 -0.988805 0.14685 -0.004559
11.40 -0.066179 -0.992549 1.469137 0.027456 -0.988798 0.146651 -0.004192
11.60 -0.066025 -0.993912 1.468646 0.027701 -0.989268 0.143386 -0.00462
11.80 -0.065458 -0.994273 1.469331 0.027245 -0.989168 0.144206 -0.00291
12.00 -0.065741 -0.996146 1.475175 0.026429 -0.989982 0.138629 -0.004394
12.20 -0.065927 -0.998317 1.483163 0.026003 -0.990746 0.133108 -0.005329
12.40 -0.065354 -1.000261 1.491993 0.024695 -0.991377 0.128578 -0.005445
12.60 -0.066037 -1.003351 1.504002 0.023693 -0.992351 0.121094 -0.003895
12.80 -0.067538 -1.005673 1.512926 0.02731 -0.992851 0.116085 -0.005075
13.00 -0.068026 -1.007807 1.523751 0.02558 -0.992981 0.115397 -0.004284
13.20 -0.068352 -1.011487 1.534566 0.023344 -0.994152 0.105164 -0.007612
13.40 -0.069328 -1.013252 1.54476 0.019251 -0.993915 0.108072 -0.009076
13.60 -0.070052 -1.017661 1.558256 0.024549 -0.994641 0.099873 -0.01062
13.80 -0.070593 -1.020857 1.568187 0.025874 -0.994714 0.098408 -0.013798
14.00 -0.070554 -1.024613 1.580163 0.027268 -0.994797 0.097289 -0.013033
14.20 -0.069128 -1.027967 1.590911 0.030832 -0.995647 0.087469 -0.009235
14.40 -0.068313 -1.031843 1.59886 0.028119 -0.996479 0.078247 -0.010748
14.60 -0.068096 -1.033698 1.602697 0.026679 -0.996615 0.076267 -0.015146
14.80 -0.069801 -1.034011 1.601458 0.02371 -0.996625 0.076954 -0.015947
15.00 -0.070389 -1.031548 1.599242 0.025454 -0.996081 0.083797 -0.01233
15.20 -0.071497 -1.031464 1.598335 0.024471 -0.996401 0.08019 -0.012455
15.40 -0.072645 -1.032087 1.597431 0.025597 -0.996533 0.077899 -0.014122
15.60 -0.073776 -1.033183 1.594883 0.026168 -0.99684 0.073738 -0.013742
15.80 -0.07444 -1.033195 1.587772 0.023996 -0.996686 0.076795 -0.011964
16.00 -0.075407 -1.031759 1.576426 0.024726 -0.996119 0.083529 -0.01259
16.20 -0.075679 -1.030645 1.566778 0.023937 -0.995098 0.095203 -0.011993
16.40 -0.075511 -1.030605 1.558546 0.025855 -0.994794 0.097954 -0.01098
16.60 -0.074107 -1.030293 1.550655 0.026611 -0.994631 0.099319 -0.011695
16.80 -0.073199 -1.03232 1.542149 0.025047 -0.994301 0.103357 -0.007488
17.00 -0.071585 -1.035823 1.533132 0.030075 -0.993727 0.10755 -0.005958
17.20 -0.07035 -1.037111 1.524433 0.030939 -0.993282 0.111427 -0.00416
17.40 -0.06792 -1.037887 1.514638 0.029781 -0.992939 0.114827 0.000118
17.60 -0.065424 -1.034344 1.504215 0.030823 -0.991658 0.125155 0.000071
17.80 -0.064094 -1.030653 1.494299 0.032817 -0.991046 0.129415 0.00164
18.00 -0.063649 -1.022831 1.484564 0.030188 -0.990143 0.136767 -0.001094
18.20 -0.065042 -1.019607 1.480494 0.026274 -0.990356 0.13576 -0.008578
18.40 -0.065933 -1.017586 1.478199 0.024239 -0.990395 0.135917 -0.007487
18.60 -0.067896 -1.01608 1.474413 0.021135 -0.990611 0.134861 -0.00745
18.80 -0.070903 -1.01485 1.472914 0.01897 -0.990914 0.133039 -0.005502
19.00 -0.073504 -1.014388 1.473258 0.020101 -0.991464 0.128721 -0.005058
19.20 -0.074787 -1.014204 1.473208 0.016678 -0.991139 0.131726 -0.003598
19.40 -0.076075 -1.012715 1.470803 0.017841 -0.990821 0.133921 -0.00463
19.60 -0.078011 -1.010823 1.469812 0.01945 -0.99027 0.137657 -0.006207
19.80 -0.079562 -1.008665 1.468475 0.023013 -0.989536 0.142284 -0.006712
20.00 -0.080516 -1.006412 1.464983 0.021159 -0.987721 0.15459 -0.007832
20.20 -0.081204 -1.005002 1.46233 0.020366 -0.986961 0.159505 -0.00717
20.40 -0.081329 -1.004596 1.460961 0.022311 -0.98622 0.16383 -0.005697
20.60 -0.081491 -1.002975 1.457778 0.022805 -0.983797 0.177736 -0.005871
20.80 -0.082041 -0.999881 1.453685 0.026099 -0.981883 0.187597 -0.005614
21.00 -0.082756 -0.998903 1.452072 0.026021 -0.979719 0.198636 -0.004297
21.20 -0.08238 -0.998674 1.451399 0.027301 -0.978864 0.202673 -0.001975
21.40 -0.081099 -0.998569 1.450418 0.027412 -0.978389 0.204948 -0.00075
21.60 -0.080453 -0.998892 1.449053 0.028706 -0.977485 0.209041 -0.000886
21.80 -0.08058 -0.999907 1.448501 0.028975 -0.976541 0.21337 -0.001069
22.00 -0.080513 -1.000157 1.44754 0.029087 -0.975937 0.216103 -0.000238
22.20 -0.079806 -1.000096 1.446101 0.028454 -0.975582 0.217783 0.000031
22.40 -0.079116 -0.99966 1.444945 0.029542 -0.975775 0.216773 0.000576
22.60 -0.079269 -0.999288 1.443238 0.029586 -0.975057 0.219976 0.000237
22.80 -0.079002 -0.998711 1.442717 0.02751 -0.974946 0.220736 0.00013
23.00 -0.077869 -0.998337 1.442686 0.027669 -0.974276 0.223648 0.001812
23.20 -0.077429 -0.997836 1.441442 0.029082 -0.974561 0.222224 0.001209
23.40 -0.078005 -0.997403 1.441245 0.029867 -0.974811 0.221016 0.001895
23.60 -0.078055 -0.997494 1.442183 0.029746 -0.975036 0.220037 0.001776
23.80 -0.077633 -0.998606 1.445297 0.030506 -0.977032 0.210871 0.003315
24.00 -0.077309 -1.001043 1.449856 0.029601 -0.980508 0.194235 0.001027
24.20 -0.076782 -1.004004 1.451855 0.027918 -0.981567 0.189067 0.000837
24.40 -0.076439 -1.007173 1.454337 0.027622 -0.983996 0.176034 0.000996
24.60 -0.075789 -1.009972 1.455959 0.026696 -0.985296 0.168756 0.000356
24.80 -0.075083 -1.012533 1.458269 0.028382 -0.987087 0.157649 -0.000312
25.00 -0.074843 -1.014688 1.461257 0.0294 -0.988364 0.149234 0.000887
25.20 -0.074183 -1.015617 1.463668 0.027882 -0.989385 0.142615 0.000455
25.40 -0.074254 -1.01717 1.465558 0.027049 -0.989942 0.138856 0.001493
25.60 -0.074843 -1.018399 1.467862 0.029851 -0.99032 0.135543 0.001614
25.80 -0.075688 -1.018679 1.46929 0.030618 -0.990975 0.130489 0.001739
26.00 -0.076168 -1.018388 1.470253 0.028201 -0.991863 0.124133 -0.001555
26.20 -0.0757 -1.018425 1.471122 0.027208 -0.992017 0.123082 -0.0036
26.40 -0.075031 -1.017783 1.470946 0.024071 -0.992039 0.123488 -0.005511
26.60 -0.074638 -1.017039 1.470162 0.021772 -0.991837 0.125539 -0.005009
26.80 -0.074632 -1.016634 1.470424 0.022562 -0.992119 0.123135 -0.00541
27.00 -0.074757 -1.017261 1.471004 0.024081 -0.991926 0.124411 -0.004912
27.20 -0.07467 -1.017245 1.469571 0.024532 -0.991741 0.125823 -0.004106
27.40 -0.07439 -1.016486 1.466676 0.024934 -0.991147 0.130356 -0.003532
27.60 -0.073921 -1.014765 1.461936 0.024872 -0.991625 0.126722 -0.001661
27.80 -0.073989 -1.010619 1.454591 0.022429 -0.990783 0.13358 -0.001473
28.00 -0.074799 -1.002553 1.44164 0.024148 -0.991701 0.126263 -0.00184
28.20 -0.076096 -0.993652 1.426235 0.0253 -0.990571 0.134632 -0.001677
28.40 -0.077031 -0.983058 1.40605 0.027497 -0.991075 0.130436 0.000694
28.60 -0.076447 -0.970622 1.380472 0.02363 -0.98984 0.140204 0.000988
28.80 -0.075589 -0.958875 1.351584 0.025049 -0.989117 0.144981 -0.000238
29.00 -0.077314 -0.947678 1.329684 0.02288 -0.988177 0.151574 -0.002877
29.20 -0.081503 -0.939464 1.313317 0.021332 -0.988299 0.150982 -0.003954
29.40 -0.08712 -0.927635 1.296413 0.022587 -0.988391 0.150238 -0.001515
29.60 -0.089345 -0.909999 1.279374 0.022999 -0.987607 0.155246 0.00153
29.80 -0.087431 -0.892869 1.263013 0.022389 -0.988224 0.151342 0.002658
30.00 -0.082476 -0.878466 1.245431 0.019245 -0.98852 0.149852 0.001621
30.20 -0.078585 -0.862105 1.223061 0.021775 -0.987305 0.157323 0.001881
30.40 -0.073395 -0.84927 1.200444 0.025227 -0.987542 0.155057 0.009088
30.60 -0.064881 -0.844795 1.178344 0.027119 -0.987603 0.154472 0.006564
30.80 -0.05799 -0.842731 1.159207 0.019634 -0.988429 0.150364 0.003652
31.00 -0.05575 -0.841785 1.138256 0.018641 -0.988017 0.153144 0.004786
31.20 -0.053373 -0.842053 1.12253 0.026665 -0.986473 0.16139 0.010612
31.40 -0.053772 -0.841445 1.10818 0.029663 -0.986673 0.159789 0.007953
31.60 -0.053061 -0.838965 1.08852 0.029175 -0.984632 0.171879 0.010318
31.80 -0.050451 -0.836421 1.069996 0.030955 -0.984205 0.173909 0.011706
32.00 -0.048506 -0.836178 1.053164 0.030742 -0.985054 0.169202 0.009734
32.20 -0.047847 -0.839457 1.039162 0.03282 -0.984444 0.172257 0.010995
32.40 -0.047156 -0.843366 1.032743 0.029294 -0.984259 0.173766 0.013486
32.60 -0.044802 -0.846087 1.032135 0.029624 -0.984625 0.171777 0.011307
32.80 -0.045323 -0.850062 1.033304 0.030046 -0.985046 0.169251 0.01163
33.00 -0.048262 -0.85455 1.038151 0.032972 -0.984363 0.172603 0.012254
33.20 -0.05012 -0.854407 1.066989 0.034135 -0.983297 0.178032 0.01632
33.40 -0.051264 -0.852499 1.118093 0.03034 -0.984356 0.173028 0.013589
33.60 -0.053589 -0.85195 1.160603 0.034069 -0.98546 0.166117 0.010661
33.80 -0.054937 -0.85259 1.194098 0.034579 -0.986314 0.160808 0.011424
34.00 -0.055206 -0.855414 1.219972 0.031957 -0.986589 0.159744 0.010116
34.20 -0.057047 -0.858013 1.241219 0.032174 -0.986521 0.160232 0.008145
34.40 -0.058018 -0.857953 1.256412 0.030287 -0.986151 0.162838 0.008526
34.60 -0.056381 -0.859506 1.270458 0.029113 -0.986524 0.160752 0.009013
34.80 -0.053029 -0.86166 1.288248 0.028565 -0.986761 0.15931 0.010342
35.00 -0.049266 -0.865608 1.3055 0.029316 -0.987364 0.155318 0.011387
35.20 -0.045344 -0.869381 1.321876 0.030942 -0.987983 0.151066 0.010516
35.40 -0.041943 -0.874411 1.334825 0.03014 -0.988771 0.145963 0.010857
35.60 -0.036599 -0.879855 1.34774 0.030626 -0.988876 0.145178 0.010484
35.80 -0.03331 -0.887712 1.361721 0.03649 -0.988334 0.147514 0.010197
36.00 -0.028193 -0.893845 1.375465 0.033893 -0.988476 0.14702 0.012288
36.20 -0.02332 -0.900441 1.386218 0.03315 -0.988582 0.146634 0.010231
36.40 -0.018519 -0.906944 1.399453 0.033272 -0.98922 0.142355 0.008438
36.60 -0.013934 -0.912011 1.411741 0.026958 -0.989156 0.144169 0.007678
36.80 -0.010988 -0.918262 1.420477 0.025635 -0.98897 0.145859 0.002581
37.00 -0.010939 -0.925014 1.431334 0.02719 -0.988843 0.14646 -0.000373
37.20 -0.013703 -0.930489 1.441249 0.02605 -0.989363 0.143107 -0.001911
