1617290546832743424.000000 0.003254729 -0.001184772 0.030855907 0.002744387 0.002537683 0.007521355 0.999964774
1617290547503298048.000000 0.004330309 0.000423668 0.040061105 -0.001152691 0.001887556 0.008508551 0.999961376
1617290549252360704.000000 0.011800405 -0.000711461 0.071946718 0.000945065 0.008841713 0.007202300 0.999934554
1617290551470482432.000000 0.010570980 -0.005455966 0.119122162 0.009722140 0.005096828 0.008891322 0.999900222
1617290551672401920.000000 0.010037070 -0.006089904 0.122151062 0.012099762 0.005619307 0.009767704 0.999863327
1617290552537469440.000000 0.009005087 -0.006217326 0.135523349 0.012937263 0.004572557 0.010919858 0.999846220
1617290553477191424.000000 0.009739554 -0.006301316 0.151591316 0.016539540 0.000534018 0.011228787 0.999800026
1617290553678568448.000000 0.010123873 -0.006661043 0.154933974 0.017237894 0.000657361 0.010983502 0.999790907
1617290554416937472.000000 0.011309109 -0.005840209 0.165452823 0.016542112 0.002859494 0.007950869 0.999827504
1617290554629825792.000000 0.011007273 -0.005700035 0.168563649 0.016188130 0.004236225 0.007426453 0.999832451
1617290555363629824.000000 0.011171916 -0.004320662 0.181501120 0.016211508 0.002187083 0.008189431 0.999832690
1617290555904793856.000000 0.011554820 -0.003537731 0.192151770 0.016239759 -0.001509184 0.007099533 0.999841869
1617290556162121984.000000 0.011795620 -0.003266420 0.197236851 0.016775301 -0.002767117 0.006752701 0.999832690
1617290556566412800.000000 0.012609327 -0.003016462 0.203684255 0.019328160 -0.002785555 0.006990428 0.999784887
1617290558513431552.000000 0.018901359 -0.006235546 0.234298363 0.019178854 -0.000421517 0.012230171 0.999741197
1617290558785700608.000000 0.019999927 -0.007945473 0.238612831 0.021372071 0.000367166 0.010534795 0.999716043
1617290559788949504.000000 0.019973159 -0.012498583 0.254183501 0.027931523 0.001681537 0.004623186 0.999597728
1617290561669014016.000000 0.022198008 -0.014365055 0.289445877 0.035549540 -0.001939197 0.008140592 0.999332905
1617290567707355392.000000 0.034801532 -0.011550101 0.398894221 0.036003731 -0.006707819 -0.000337260 0.999329090
1617290567912587776.000000 0.034253288 -0.011555651 0.403802454 0.033738256 -0.007366293 -0.002461884 0.999400556
1617290569723905792.000000 0.028935403 -0.014450549 0.446120799 0.023496760 -0.008350915 -0.022806576 0.999428868
1617290570871557120.000000 0.015208063 -0.020723488 0.472896129 0.011498399 -0.014478679 -0.042981811 0.998904765
1617290571197728512.000000 0.013725745 -0.023799030 0.482191533 0.015936511 -0.015198818 -0.042980179 0.998833239
1617290571399074048.000000 0.014115421 -0.024793299 0.488086581 0.016706213 -0.016872838 -0.037907101 0.998999178
1617290572473194240.000000 0.013102735 -0.030391267 0.516858280 0.018866226 -0.015723623 -0.019331200 0.999511480
1617290573010045952.000000 0.014359266 -0.031734042 0.531056881 0.020067647 -0.014175829 -0.018809197 0.999521255
1617290573280646400.000000 0.017308125 -0.032418303 0.538800120 0.022284845 -0.015731120 -0.015019364 0.999515116
1617290576030770176.000000 0.020670798 -0.031468771 0.604735255 0.043669853 -0.007538253 0.014830051 0.998907506
1617290581870307328.000000 0.023772607 -0.031340890 0.763782024 0.055043880 0.001411550 0.019945439 0.998283744
1617290587240206592.000000 0.023172678 -0.057797991 0.895777345 0.077727303 -0.019385574 -0.012651155 0.996705890
1617290587448247552.000000 0.022109533 -0.057024218 0.899534225 0.079261594 -0.017674996 -0.013496699 0.996605814
1617290587777203200.000000 0.022241823 -0.057409450 0.906169057 0.080016479 -0.017381812 -0.014313147 0.996539176
1617290587982897408.000000 0.021234227 -0.058082774 0.910066307 0.079683669 -0.017986169 -0.014427582 0.996553600
1617290588785006848.000000 0.020366598 -0.053839002 0.927555561 0.079325125 -0.026149154 -0.007819225 0.996475160
1617290590999079680.000000 0.025948692 -0.050884664 0.972544372 0.076446414 -0.001297192 -0.009475954 0.997027874
